   9.9999999999999965E-011   3.6592524575592567E-026   1.0977755813179025E-015
   1.0240268437274931E-010   3.9294013746142763E-026   1.1511614642900154E-015
   1.0486309766744958E-010   4.2194943743565943E-026   1.2071435537313183E-015
   1.0738262692788628E-010   4.5310038536058414E-026   1.2658481056125179E-015
   1.0996269252413035E-010   4.8655109107059430E-026   1.3274075158489785E-015
   1.1260474895326245E-010   5.2247133705491812E-026   1.3919606188919381E-015
   1.1531028565933613E-010   5.6104344020574143E-026   1.4596530008405124E-015
   1.1808082787304606E-010   6.0246317718593493E-026   1.5306373277798928E-015
   1.2091793747156481E-010   6.4694077811318451E-026   1.6050736900879783E-015
   1.2382321385904491E-010   6.9470199360405675E-026   1.6831299634848542E-015
   1.2679829486827265E-010   7.4598924059389466E-026   1.7649821876411149E-015
   1.2984485768398528E-010   8.0106283274825126E-026   1.8508149631983380E-015
   1.3296461978837753E-010   8.6020230171094377E-026   1.9408218680960285E-015
   1.3615933992931846E-010   9.2370781589484534E-026   2.0352058941463584E-015
   1.3943081911183887E-010   9.9190170401662250E-026   2.1341799048383738E-015
   1.4278090161343595E-010   1.0651300911082634E-025   2.2379671154066350E-015
   1.4621147602377261E-010   1.1437646553091363E-025   2.3468015962460424E-015
   1.4972447630936196E-010   1.2282045143553378E-025   2.4609288008071098E-015
   1.5332188290382834E-010   1.3188782513413868E-025   2.5806061191642380E-015
   1.5700572382436370E-010   1.4162460900362046E-025   2.7061034585044559E-015
   1.6077807581501368E-010   1.5208022307944270E-025   2.8377038518448163E-015
   1.6464106551742872E-010   1.6330773589191554E-025   2.9757040963531468E-015
   1.6859687066974401E-010   1.7536413382075926E-025   3.1204154227110771E-015
   1.7264772133427099E-010   1.8831061033509303E-025   3.2721641970274226E-015
   1.7679590115467738E-010   2.0221287658689631E-025   3.4312926568869491E-015
   1.8104374864338221E-010   2.1714149493444263E-025   3.5981596831952899E-015
   1.8539365849987703E-010   2.3317223708844504E-025   3.7731416095559014E-015
   1.8984808296072188E-010   2.5038646869879024E-025   3.9566330710100827E-015
   1.9440953318198406E-010   2.6887156233388100E-025   4.1490478940529790E-015
   1.9908058065488256E-010   2.8872134094858157E-025   4.3508200299274768E-015
   2.0386385865545611E-010   3.1003655409179823E-025   4.5624045333092653E-015
   2.0876206372905532E-010   3.3292538927060941E-025   4.7842785885851243E-015
   2.1377795721050238E-010   3.5750402106641300E-025   5.0169425860367125E-015
   2.1891436678078193E-010   3.8389720079029939E-025   5.2609212503642321E-015
   2.2417418806112777E-010   4.1223888967039051E-025   5.5167648240902107E-015
   2.2956038624541023E-010   4.4267293878491679E-025   5.7850503085092284E-015
   2.3507599777175177E-010   4.7535381919225331E-025   6.0663827649910157E-015
   2.4072413203429910E-010   5.1044740596360992E-025   6.3613966795656928E-015
   2.4650797313612373E-010   5.4813182009777895E-025   6.6707573938655202E-015
   2.5243078168424745E-010   5.8859833259135582E-025   6.9951626056603762E-015
   2.5849589662778391E-010   6.3205233525287599E-025   7.3353439423627826E-015
   2.6470673714025802E-010   6.7871438318847945E-025   7.6920686110515924E-015
   2.7106680454714267E-010   7.2882131425027302E-025   8.0661411287405342E-015
   2.7757968429970789E-010   7.8262745112925164E-025   8.4584051367908486E-015
   2.8424904799630498E-010   8.4040589219412677E-025   8.8697453035569575E-015
   2.9107865545220103E-010   9.0244989762773548E-025   9.3010893195611282E-015
   2.9807235681915999E-010   9.6907437789673329E-025   9.7534099896985818E-015
   3.0523409475594070E-010   1.0406174921090330E-024   1.0227727427179455E-014
   3.1256790665094467E-010   1.1174423643718829E-024   1.0725111354169300E-014
   3.2007792689827668E-010   1.1999389268621847E-024   1.1246683514314831E-014
   3.2776838922848286E-010   1.2885258989632830E-024   1.1793620202581840E-014
   3.3564362909528788E-010   1.3836529125138713E-024   1.2367154918128336E-014
   3.4370808611968920E-010   1.4858027939559853E-024   1.2968581146191757E-014
   3.5196630659276409E-010   1.5954940149647630E-024   1.3599255275249740E-014
   3.6042294603861151E-010   1.7132833239988558E-024   1.4260599656052474E-014
   3.6908277183888538E-010   1.8397685721282160E-024   1.4954105809421960E-014
   3.7795066592036844E-010   1.9755917474811671E-024   1.5681337790032734E-014
   3.8703162750713926E-010   2.1214422337134905E-024   1.6443935713791228E-014
   3.9633077593885217E-010   2.2780603090373247E-024   1.7243619456749873E-014
   4.0585335355673124E-010   2.4462409035694232E-024   1.8082192533890200E-014
   4.1560472865891949E-010   2.6268376340703328E-024   1.8961546166548995E-014
   4.2559039852681470E-010   2.8207671365521276E-024   1.9883663547639606E-014
   4.3581599252414016E-010   3.0290137187457596E-024   2.0850624314286955E-014
   4.4628727527046177E-010   3.2526343560418388E-024   2.1864609237977766E-014
   4.5701014989095402E-010   3.4927640562620779E-024   2.2927905142795308E-014
   4.6799066134426238E-010   3.7506216204907274E-024   2.4042910062820586E-014
   4.7923499983030902E-010   4.0275158292055663E-024   2.5212138650350591E-014
   4.9074950427997728E-010   4.3248520851065064E-024   2.6438227847121151E-014
   5.0254066592865724E-010   4.6441395463580612E-024   2.7723942831312493E-014
   5.1461513197563740E-010   4.9869987864509617E-024   2.9072183253772490E-014
   5.2697970933141951E-010   5.3551700195609628E-024   3.0485989777509747E-014
   5.3964136845508740E-010   5.7505219331533901E-024   3.1968550935191300E-014
   5.5260724728384862E-010   6.1750611726638324E-024   3.3523210320145669E-014
   5.6588465525701801E-010   6.6309425263951041E-024   3.5153474127044048E-014
   5.7948107743666696E-010   7.1204798623246531E-024   3.6863019059302877E-014
   5.9340417872727731E-010   7.6461578723329058E-024   3.8655700621028634E-014
   6.0766180819680142E-010   8.2106446834611230E-024   4.0535561812184443E-014
   6.2226200350151219E-010   8.8168054002078094E-024   4.2506842246626659E-014
   6.3721299541720004E-010   9.4677166465993571E-024   4.4573987713546652E-014
   6.5252321247921949E-010   1.0166682181842504E-023   4.6741660203879765E-014
   6.6820128573401977E-010   1.0917249668818125E-023   4.9014748424316664E-014
   6.8425605360486133E-010   1.1723228680526108E-023   5.1398378822608762E-014
   7.0069656687441926E-010   1.2588710035872361E-023   5.3897927149026980E-014
   7.1753209378710210E-010   1.3518086562939233E-023   5.6519030580072490E-014
   7.3477212527398610E-010   1.4516075395125400E-023   5.9267600431763376E-014
   7.5242638030326515E-010   1.5587741913317621E-023   6.2149835491157097E-014
   7.7050481135925534E-010   1.6738525455616434E-023   6.5172235996205039E-014
   7.8901761005306884E-010   1.7974266925108115E-023   6.8341618295450523E-014
   8.0797521286805439E-010   1.9301238435801860E-023   7.1665130220599896E-014
   8.2738830704332344E-010   2.0726175147210558E-023   7.5150267206716062E-014
   8.4726783659861182E-010   2.2256309449144731E-023   7.8804889196297383E-014
   8.6762500850389821E-010   2.3899407670229148E-023   8.2637238365400984E-014
   8.8847129899728973E-010   2.5663809496463092E-023   8.6655957711837418E-014
   9.0981846005466085E-010   2.7558470299884199E-023   9.0870110547251769E-014
   9.3167852601478308E-010   2.9593006592187766E-023   9.5289200937136118E-014
   9.5406382036360499E-010   3.1777744833997253E-023   9.9923195134851623E-014
   9.7698696268153680E-010   3.4123773847518076E-023   1.0478254405794905E-013
   1.0004608757576848E-009   3.6643001098604419E-023   1.0987820685754212E-013
   1.0244987928749896E-009   3.9348213133893923E-023   1.1522167563386450E-013
   1.0491142652704028E-009   4.2253140479761322E-023   1.2082500135370631E-013
   1.0743211697743390E-009   4.5372527332494921E-023   1.2670082102824322E-013
   1.1001337166336489E-009   4.8722206393403325E-023   1.3286238621252646E-013
   1.1265664575225522E-009   5.2319179228680370E-023   1.3932359289086210E-013
   1.1536342937460867E-009   5.6181702561905277E-023   1.4609901281553534E-013
   1.1813524846406013E-009   6.0329380937148158E-023   1.5320392636955961E-013
   1.2097366561761473E-009   6.4783266223000631E-023   1.6065435702745513E-013
   1.2388028097655166E-009   6.9565964462565244E-023   1.6846710749191683E-013
   1.2685673312849326E-009   7.4701750611722867E-023   1.7665979758779642E-013
   1.2990470003115237E-009   8.0216691748035169E-023   1.8525090399878387E-013
   1.3302589995826781E-009   8.6138779375627971E-023   1.9425980193655488E-013
   1.3622209246827429E-009   9.2498071497581359E-023   2.0370680883624589E-013
   1.3949507939624218E-009   9.9326845176899563E-023   2.1361323017677345E-013
   1.4284670586965001E-009   1.0665976036039929E-022   2.2400140752944690E-013
   1.4627886134856732E-009   1.1453403579700943E-022   2.3489476894314107E-013
   1.4979348069082556E-009   1.2298963794333721E-022   2.4631788177961546E-013
   1.5339254524278137E-009   1.3206948381530987E-022   2.5829650811827029E-013
   1.5707808395629215E-009   1.4181965881546832E-022   2.7085766285517601E-013
   1.6085217453252466E-009   1.5228965064147244E-022   2.8402967462735863E-013
   1.6471694459324515E-009   1.6353260046304077E-022   2.9784224969988440E-013
   1.6867457288025787E-009   1.7560557264217962E-022   3.1232653895971177E-013
   1.7272729048365354E-009   1.8856984436561653E-022   3.2751520816728118E-013
   1.7687738209957767E-009   2.0249121665954353E-022   3.4344251162460495E-013
   1.8112718731821303E-009   2.1744034836514507E-022   3.6014436942560412E-013
   1.8547910194270818E-009   2.3349311477002092E-022   3.7765844846302657E-013
   1.8993557933980216E-009   2.5073099271578868E-022   3.9602424737489733E-013
   1.9449913182289054E-009   2.6924147413635972E-022   4.1528318562155446E-013
   1.9917233206833229E-009   2.8911851012590064E-022   4.3547869689455010E-013
   2.0395781456577926E-009   3.1046298779027337E-022   4.5665632706797515E-013
   2.0885827710335237E-009   3.3338324230219132E-022   4.7886383691289345E-013
   2.1387648228850816E-009   3.5799560675906963E-022   5.0215130980677039E-013
   2.1901525910544097E-009   3.8442500263429711E-022   5.2657126468072029E-013
   2.2427750450990389E-009   4.1280557381872982E-022   5.5217877445908000E-013
   2.2966618506235560E-009   4.4328136747053525E-022   5.7903159025864958E-013
   2.3518433860033925E-009   4.7600706512892621E-022   6.0719027162764242E-013
   2.4083507595104352E-009   5.1114876780252094E-022   6.3671832311776584E-013
   2.4662158268501918E-009   5.4888483901707591E-022   6.6768233749772856E-013
   2.5254712091201923E-009   5.8940681010133376E-022   7.0015214593112717E-013
   2.5861503112000076E-009   6.3292035230576895E-022   7.3420097545687522E-013
   2.6482873405830282E-009   6.7964632068812765E-022   7.6990561412797686E-013
   2.7119173266607163E-009   7.2982187506394151E-022   8.0734658418070498E-013
   2.7770761404702851E-009   7.8370168371130632E-022   8.4660832362434604E-013
   2.8438005149167157E-009   8.4155921593920298E-022   8.8777937666170066E-013
   2.9121280654807850E-009   9.0368813007979048E-022   9.3095259336925223E-013
   2.9820973114245507E-009   9.7040376394912461E-022   9.7622533908715291E-013
   3.0537476975063270E-009   1.0420447353411264E-021   1.0236997139917475E-012
   3.1271196162175047E-009   1.1189746606779848E-021   1.0734827833453113E-012
   3.2022544305535537E-009   1.2015840005396410E-021   1.1256868189421180E-012
   3.2791944973321377E-009   1.2902920414392811E-021   1.1804295522957735E-012
   3.3579831910715938E-009   1.3855490239031883E-021   1.2378344401383933E-012
   3.4386649284430331E-009   1.4878384276555035E-021   1.2980309428300445E-012
   3.5212851933099465E-009   1.5976794255062841E-021   1.3611548163069427E-012
   3.6058905623695547E-009   1.7156295183973124E-021   1.4273484182262211E-012
   3.6925287314100516E-009   1.8422873649790297E-021   1.4967610289971859E-012
   3.7812485421989208E-009   1.9782958200804582E-021   1.5695491884243901E-012
   3.8721000100171608E-009   2.1243451974926613E-021   1.6458770487199040E-012
   3.9651343518550692E-009   2.2811767736257632E-021   1.7259167446813827E-012
   4.0604040152856221E-009   2.4495865498223035E-021   1.8098487818718037E-012
   4.1579627080313766E-009   2.6304292924208339E-021   1.8978624436739533E-012
   4.2578654282419926E-009   2.8246228710754773E-021   1.9901562181391608E-012
   4.3601684954990760E-009   3.0331529173492457E-021   2.0869382455926042E-012
   4.4649295825659730E-009   3.2570778272247752E-021   2.1884267880032747E-012
   4.5722077479005482E-009   3.4975341329224269E-021   2.2948507211782463E-012
   4.6820634689490069E-009   3.7557422712887643E-021   2.4064500508907489E-012
   4.7945586762396505E-009   4.0330127780315733E-021   2.5234764541048790E-012
   4.9097567882959593E-009   4.3307529392396218E-021   2.6461938465183135E-012
   5.0277227473883647E-009   4.6504739339448521E-021   2.7748789777027854E-012
   5.1485230561450293E-009   4.9937985039772859E-021   2.9098220551827843E-012
   5.2722258150424424E-009   5.3624691900400163E-021   3.0513273988610408E-012
   5.3989007607965242E-009   5.7583571758034784E-021   3.1997141272665103E-012
   5.5286193056764480E-009   6.1834717849055668E-021   3.3553168771697449E-012
   5.6614545777627402E-009   6.6399706790565885E-021   3.5184865581914665E-012
   5.7974814621729481E-009   7.1301708090076976E-021   3.6895911441036042E-012
   5.9367766432776392E-009   7.6565601739598829E-021   3.8690165026065120E-012
   6.0794186479307048E-009   8.2218104490961120E-021   4.0571672654552904E-012
   6.2254878897385461E-009   8.8287905453240640E-021   4.2544677408953729E-012
   6.3750667143927199E-009   9.4805811700461420E-021   4.4613628704640161E-012
   6.5282394460917801E-009   1.0180490462856765E-020   4.6783192323170153E-012
   6.6850924350786863E-009   1.0932070785520931E-020   4.9058260933412769E-012
   6.8457141063201955E-009   1.1739136751443839E-020   5.1443965124240276E-012
   7.0101950093558483E-009   1.2605784586135818E-020   5.3945684973692450E-012
   7.1786278693448964E-009   1.3536412916929437E-020   5.6569062180670283E-012
   7.3511076393395026E-009   1.4535745097457397E-020   5.9320012786506171E-012
   7.5277315538138975E-009   1.5608853180192031E-020   6.2204740515117214E-012
   7.7085991834799055E-009   1.6761183658710321E-020   6.5229750761795690E-012
   7.8938124914192891E-009   1.7998585110325562E-020   6.8401865262162481E-012
   8.0834758905647857E-009   1.9327337879377418E-020   7.1728237474391695E-012
   8.2776963025623480E-009   2.0754185951823127E-020   7.5216368709342611E-012
   8.4765832180476647E-009   2.2286371182896175E-020   7.8874125044981408E-012
   8.6802487583708210E-009   2.3931670051538338E-020   8.2709755063235924E-012
   8.8888077388039666E-009   2.5698433128133276E-020   8.6731908449226630E-012
   9.1023777332679443E-009   2.7595627455845128E-020   9.0949655494844240E-012
   9.3210791406138236E-009   2.9632882060643485E-020   9.5372507550633143E-012
   9.5450352524969515E-009   3.1820536820976284E-020   1.0001043847204560E-011
   9.7743723228821119E-009   3.4169694945108134E-020   1.0487390710845705E-011
   1.0009219639218374E-008   3.6692279322439037E-020   1.0997388088563131E-011
   1.0249709595324033E-008   3.9401093034781700E-020   1.1532186053474876E-011
   1.0495977766023076E-008   4.2309884334694323E-020   1.2092990602379110E-011
   1.0748162983574597E-008   4.5433416420621275E-020   1.2681066374973638E-011
   1.1006407415938575E-008   4.8787542362940952E-020   1.3297739505278731E-011
   1.1270856646922457E-008   5.2389285561169917E-020   1.3944400611698891E-011
   1.1541659758253085E-008   5.6256926140623529E-020   1.4622507932460823E-011
   1.1818969413620576E-008   6.0410093726979952E-020   1.5333590613488946E-011
   1.2102941944741662E-008   6.4869867069570532E-020   1.6079252156137716E-011
   1.2393737439490897E-008   6.9658881018959345E-020   1.6861174032547899E-011
   1.2691519832149176E-008   7.4801441401693458E-020   1.7681119476770846E-011
   1.2996456995820610E-008   8.0323648375192896E-020   1.8540937460214687E-011
   1.3308720837070282E-008   8.6253528888777227E-020   1.9442566860366062E-011
   1.3628487392835454E-008   9.2621178923015487E-020   2.0388040832180021E-011
   1.3955936929665229E-008   9.9458916229233223E-020   2.1379491391999094E-011
   1.4291254045345051E-008   1.0680144434428377E-019   2.2419154224326653E-011
   1.4634627772962519E-008   1.1468602871288053E-019   2.3509373722281879E-011
   1.4986251687473526E-008   1.2315268581126427E-019   2.4652608273109360E-011
   1.5346324014829338E-008   1.3224438623193456E-019   2.5851435800644472E-011
   1.5715047743725180E-008   1.4200727275999142E-019   2.7108559577221177E-011
   1.6092630740033765E-008   1.5249089454775075E-019   2.8426814318133956E-011
   1.6479285863988816E-008   1.6374845857595955E-019   2.9809172572375643E-011
   1.6875231090183626E-008   1.7583709967762659E-019   3.1258751424049217E-011
   1.7280689630452871E-008   1.8881817049472390E-019   3.2778819519569125E-011
   1.7695890059707081E-008   2.0275755283912008E-019   3.4372804436472587E-011
   1.8121066444790568E-008   2.1772599203772343E-019   3.6044300410448273E-011
   1.8556458476435146E-008   2.3379945595843156E-019   3.7797076438002067E-011
   1.9002311604384173E-008   2.5105952053870312E-019   3.9635084772998529E-011
   1.9458877175763849E-008   2.6959378377308710E-019   4.1562469836237213E-011
   1.9926412576778491E-008   2.8949631026038075E-019   4.3583577558140328E-011
   2.0405181377810309E-008   3.1086810856614896E-019   4.5702965175576892E-011
   2.0895453482006119E-008   3.3381764382292274E-019   4.7925411504922610E-011
   2.1397505277433468E-008   3.5846138816905814E-019   5.0255927714492839E-011
   2.1911619792892579E-008   3.8492441181927406E-019   5.2699768620598301E-011
   2.2438086857472664E-008   4.1334101776610647E-019   5.5262444532693911E-011
   2.2977203263941167E-008   4.4385542333276216E-019   5.7949733674305750E-011
   2.3529272936058736E-008   4.7662249203560399E-019   6.0767695207686099E-011
   2.4094607099914963E-008   5.1180851946984175E-019   6.3722682891569396E-011
   2.4673524459380064E-008   5.4959207720593746E-019   6.6821359402789031E-011
   2.5266351375772167E-008   5.9016491897859878E-019   7.0070711353982263E-011
   2.5873422051841786E-008   6.3373295376636950E-019   7.3478065041250995E-011
   2.6495078720176874E-008   6.8051729069906543E-019   7.7051102957231575E-011
   2.7131671836134299E-008   7.3075536109466689E-019   8.0797881106738100E-011
   2.7783560275406736E-008   7.8470212331874460E-019   8.4726847164029576E-011
   2.8451111536337332E-008   8.4263135657958021E-019   8.8846859512556390E-011
   2.9134701947094501E-008   9.0483705022318413E-019   9.3167207210054461E-011
   2.9834716877824445E-008   9.7163489557713359E-019   9.7697630923992886E-011
   3.0551550957901947E-008   1.0433638879122872E-018   1.0244834488448513E-010
   3.1285608298400119E-008   1.1203880466498704E-018   1.0743005990408014E-010
   3.2037302719905353E-008   1.2030982625415497E-018   1.1265400751632332E-010
   3.2807057985806927E-008   1.2919142811941671E-018   1.1813196528739954E-010
   3.3595308041190845E-008   1.3872868330021060E-018   1.2387628335782528E-010
   3.4402497257473547E-008   1.4896999202934347E-018   1.2989991227401272E-010
   3.5229080682914387E-008   1.5996732732932308E-018   1.3621643217232251E-010
   3.6075524299146161E-008   1.7177649873635316E-018   1.4284008338127497E-010
   3.6942305283869277E-008   1.8445743548994152E-018   1.4978579851089593E-010
   3.7829912279858164E-008   1.9807449062476822E-018   1.5706923610135295E-010
   3.8738845670431105E-008   2.1269676750749849E-018   1.6470681590664919E-010
   3.9669617861538179E-008   2.2839847047506165E-018   1.7271575589283465E-010
   4.0622753570626744E-008   2.4525928135315625E-018   1.8111411103391336E-010
   4.1598790122448671E-008   2.6336476376505344E-018   1.8992081399285638E-010
   4.2598277751973703E-008   2.8280679728165283E-018   1.9915571777925557E-010
   4.3621779914580739E-008   3.0368404361511801E-018   2.0883964047953950E-010
   4.4669873603703488E-008   3.2610244722099712E-018   2.1899441216049788E-010
   4.5743149676106720E-008   3.5017577284815057E-018   2.2964292405165973E-010
   4.6842213184977883E-008   3.7602618276321111E-018   2.4080918011706409E-010
   4.7967683721023288E-008   4.0378485657761140E-018   2.5251835113260326E-010
   4.9120195761758321E-008   4.3359265682111396E-018   2.6479683139056164E-010
   5.0300399029189978E-008   4.6560084363784160E-018   2.7767229815881082E-010
   5.1508958856094898E-008   4.9997184223000095E-018   2.9117377402856069E-010
   5.2746556561096369E-008   5.3688006694181693E-018   3.0533169229088007E-010
   5.4013889832753425E-008   5.7651280616348932E-018   3.2017796548890423E-010
   5.5311673122879041E-008   6.1907117254347225E-018   3.3574605730009290E-010
   5.6640638049308661E-008   6.6477112332843247E-018   3.5207105791012340E-010
   5.8001533808345133E-008   7.1384455600578672E-018   3.6918976304781062E-010
   5.9395127597113177E-008   7.6654048480572144E-018   3.8714075685899524E-010
   6.0822205046063547E-008   8.2312630402948516E-018   4.0596449880559147E-010
   6.2283570661867117E-008   8.8388914461084037E-018   4.2570341478510551E-010
   6.3780048280950090E-008   9.4913733079051559E-018   4.4640199267571086E-010
   6.5312481533928470E-008   1.0192019442909840E-017   4.6810688252147337E-010
   6.6881734321199226E-008   1.0944385039236803E-017   4.9086700158287985E-010
   6.8488691299958417E-008   1.1752287691463434E-017   5.1473364448902587E-010
   7.0134258382923062E-008   1.2619826767163891E-017   5.3976059873883131E-010
   7.1819363249033466E-008   1.3551404202606976E-017   5.6600426581076582E-010
   7.3544955866426081E-008   1.4551746833071109E-017   5.9352378815352046E-010
   7.5312009027974109E-008   1.5625930371006800E-017   6.2238118234273551E-010
   7.7121518899693097E-008   1.6779405153626906E-017   6.5264147870285497E-010
   7.8974505582323248E-008   1.8018023790478915E-017   6.8437286770808761E-010
   8.0872013686405793E-008   1.9348070851180900E-017   7.1764685349102854E-010
   8.2815112921176785E-008   2.0776294743843491E-017   7.5253841480379073E-010
   8.4804898697608935E-008   2.2309941945803971E-017   7.8912617379335428E-010
   8.6842492745942307E-008   2.3956793760218131E-017   8.2749257296968973E-010
   8.8929043748055055E-008   2.5725205784862950E-017   8.6772406076442094E-010
   9.1065727985025327E-008   2.7624150293239182E-017   9.0991128609655782E-010
   9.3253750000251968E-008   2.9663261742825797E-017   9.5414930238173965E-010
   9.5494343278510781E-008   3.1852885641188295E-017   1.0005377814432792E-009
   9.7788770941323519E-008   3.4204131017650815E-017   1.0491812378051522E-009
   1.0013832645903436E-007   3.6728926766512271E-017   1.1001892638696974E-009
   1.0254433437999832E-007   3.9440082147412366E-017   1.1536767765083433E-009
   1.0500815107728676E-007   4.2351351749502865E-017   1.2097642756185159E-009
   1.0753116551333376E-007   4.5477505248699088E-017   1.2685781152261621E-009
   1.1011480002295787E-007   4.8834402311579099E-017   1.3302507877426713E-009
   1.1276051111519408E-007   5.2439073025553417E-017   1.3949212220135022E-009
   1.1546979029439135E-007   5.6309804262931186E-017   1.4627350958263481E-009
   1.1824416490104135E-007   6.0466232416574680E-017   1.5338451635803059E-009
   1.2108519897280665E-007   6.4929442977087968E-017   1.6084115998500044E-009
   1.2399449412623897E-007   6.9722077456154751E-017   1.6866023596147893E-009
   1.2697369045967993E-007   7.4868448197839267E-017   1.7685935559609014E-009
   1.3002446747785782E-007   8.0394661659610550E-017   1.8545698561020285E-009
   1.3314854503869910E-007   8.6328750787746669E-017   1.9447248966060463E-009
   1.3634768432288731E-007   9.2700817157825539E-017   2.0392617187582804E-009
   1.3962368882671918E-007   9.9543183600457024E-017   2.1383932250357572E-009
   1.4297840537881519E-007   1.0689055808549600E-016   2.2423426577146838E-009
   1.4641372518125823E-007   1.1478020969499139E-016   2.3513441006836775E-009
   1.4993158487574876E-007   1.2325215757631163E-016   2.4656430055848351E-009
   1.5353396763537409E-007   1.3234937383259816E-016   2.5854967434602394E-009
   1.5722290428261127E-007   1.4211800137827817E-016   2.7111751831399083E-009
   1.6100047443419253E-007   1.5260758786308116E-016   2.8429612976633511E-009
   1.6486880767347548E-007   1.6387133684934057E-016   2.9811518000914530E-009
   1.6883008475098457E-007   1.7596637751472065E-016   3.1260578101324170E-009
   1.7288653881379627E-007   1.8895405424620192E-016   3.2780055530699106E-009
   1.7704045666446261E-007   2.0290023759185155E-016   3.4373370925567389E-009
   1.8129418005018405E-007   2.1787565814499695E-016   3.6044110989134924E-009
   1.8565010698295425E-007   2.3395626505137264E-016   3.7796036546458012E-009
   1.9011069309142614E-007   2.5122361095447654E-016   3.9633090989819009E-009
   1.9467845300525967E-007   2.6976526532808287E-016   4.1559409133174378E-009
   1.9935596177272761E-007   2.8967525828840245E-016   4.3579326495420737E-009
   2.0414585631238547E-007   3.1105455713264297E-016   4.5697389033220782E-009
   2.0905083689961887E-007   3.3401157801618999E-016   4.7918363345122746E-009
   2.1407366868890775E-007   3.5866273535830663E-016   5.0247247369714647E-009
   2.1921718327266777E-007   3.8513303175709291E-016   5.2689281601694074E-009
   2.2448428027754186E-007   4.1355669139923869E-016   5.5249960850877809E-009
   2.2987792899904920E-007   4.4407784017000712E-016   5.7935046570346141E-009
   2.3540117007550964E-007   4.7685123590498963E-016   6.0750579781211250E-009
   2.4105711720218347E-007   5.1204305247861948E-016   6.3702894622823960E-009
   2.4684895888660087E-007   5.4983172169655216E-016   6.6798632558577965E-009
   2.5277996024606416E-007   5.9040883725115735E-016   7.0044757268968782E-009
   2.5885346484833837E-007   6.3398012531298123E-016   7.3448570265058741E-009
   2.6507289659657012E-007   6.8076648666775939E-016   7.7017727257086432E-009
   2.7144176165949041E-007   7.3100511567002030E-016   8.0760255314672034E-009
   2.7796365044799857E-007   7.8495070167236149E-016   8.4684570856743769E-009
   2.8464223963923677E-007   8.4287671900611641E-016   8.8799498511212157E-009
   2.9148129424929302E-007   9.0507681203632323E-016   9.3114290886319006E-009
   2.9848466975570883E-007   9.7186628229406967E-016   9.7638649297565873E-009
   3.0565631427098233E-007   1.0435836852046512E-015   1.0238274549626173E-008
   3.1300027076829285E-007   1.1205925444834370E-015   1.0735724444797985E-008
   3.2052067936070638E-007   1.2032831928651630E-015   1.1257332821141530E-008
   3.2822177963513670E-007   1.2920747484700560E-015   1.1804272097063726E-008
   3.3610791304238999E-007   1.3874172367949988E-015   1.2377771527631141E-008
   3.4418352534463407E-007   1.4897938690523467E-015   1.2979119955398400E-008
   3.5245316912166804E-007   1.5997234883680356E-015   1.3609668694039412E-008
   3.6092150633741482E-007   1.7177631961976841E-015   1.4270834551177189E-008
   3.6959331096807613E-007   1.8445111722278417E-015   1.4964102997093235E-008
   3.7847347169343302E-007   1.9806097020056932E-015   1.5691031486333583E-008
   3.8756699465281377E-007   2.1267484275881134E-015   1.6453252939565436E-008
   3.9687900626727197E-007   2.2836678376246470E-015   1.7252479393369732E-008
   4.0641475612957867E-007   2.4521630144967425E-015   1.8090505826043316E-008
   4.1617961996365218E-007   2.6330876574307976E-015   1.8969214167866377E-008
   4.2617910265508723E-007   2.8273584018927102E-015   1.9890577504673840E-008
   4.3641884135450522E-007   3.0359594570652728E-015   2.0856664484017011E-008
   4.4690460865546453E-007   3.2599475848114915E-015   2.1869643933635358E-008
   4.5764231584872600E-007   3.5004574452466486E-015   2.2931789702407725E-008
   4.6863801625471244E-007   3.7587073358882933E-015   2.4045485734452389E-008
   4.7989790863602781E-007   4.0360053533347508E-015   2.5213231387555455E-008
   4.9142834069197665E-007   4.3337560085493356E-015   2.6437647007616790E-008
   5.0323581263704512E-007   4.6534673291104410E-015   2.7721479771379436E-008
   5.1532698086535459E-007   4.9967584842377496E-015   2.9067609810289492E-008
   5.2770866170316844E-007   5.3653679710345637E-015   3.0479056628923243E-008
   5.4038783525155615E-007   5.7611624032088616E-015   3.1958985832081493E-008
   5.5337164932138382E-007   6.1861459465650327E-015   3.3510716175303114E-008
   5.6666742346285512E-007   6.6424704488096996E-015   3.5137726954249205E-008
   5.8028265309185950E-007   7.1324463147045172E-015   3.6843665749157289E-008
   5.9422501371547302E-007   7.6585541813440650E-015   3.8632356541301519E-008
   6.0850236525898348E-007   8.2234574523566014E-015   4.0507808219223091E-008
   6.2312275649687236E-007   8.8300157541387183E-015   4.2474223493328190E-008
   6.3809442959026888E-007   9.4812993818652922E-015   4.4536008238312784E-008
   6.5342582473341951E-007   1.0180604807983290E-014   4.6697781283804125E-008
   6.6912558491179797E-007   1.0931471331231894E-014   4.8964384674590808E-008
   6.8520256077454269E-007   1.1737698949951354E-014   5.1340894422768592E-008
   7.0166581562395228E-007   1.2603367549584027E-014   5.3832631775217783E-008
   7.1852463052487325E-007   1.3532857500863142E-014   5.6445175020947727E-008
   7.3578850953685069E-007   1.4530871772252565E-014   5.9184371863935025E-008
   7.5346718507197942E-007   1.5602459667790115E-014   6.2056352388325262E-008
   7.7157062338149962E-007   1.6753042309633641E-014   6.5067542644164087E-008
   7.9010903017421308E-007   1.7988439993340096E-014   6.8224678883047267E-008
   8.0909285636989043E-007   1.9314901553288624E-014   7.1534822474537782E-008
   8.2853280399092264E-007   2.0739135885719822E-014   7.5005375535643333E-008
   8.4843983219551603E-007   2.2268345787652106E-014   7.8644097307067397E-008
   8.6882516345585858E-007   2.3910264281526457E-014   8.2459121311620628E-008
   8.8970028988472805E-007   2.5673193607856141E-014   8.6458973331816053E-008
   9.1107697971409576E-007   2.7566047081487824E-014   9.0652590245304956E-008
   9.3296728392940480E-007   2.9598394021394356E-014   9.5049339758719696E-008
   9.5538354306324235E-007   3.1780507979266919E-014   9.9659041082356493E-008
   9.7833839415224206E-007   3.4123418508638207E-014   1.0449198659001322E-007
   1.0018447778611468E-006   3.6638966733943229E-014   1.0955896451045928E-007
   1.0259159457780238E-006   3.9339864997874637E-014   1.1487128269913988E-007
   1.0505654678847760E-006   4.2239760885726351E-014   1.2044079354091003E-007
   1.0758072402071467E-006   4.5353305947233550E-014   1.2627992003700178E-007
   1.1016554926485118E-006   4.8696229459819809E-014   1.3240168313190062E-007
   1.1281247970119147E-006   5.2285417602266147E-014   1.3881973033827285E-007
   1.1552300752148322E-006   5.6138998434746204E-014   1.4554836572088251E-007
   1.1829866077013197E-006   6.0276433110059186E-014   1.5260258130316132E-007
   1.2114100420562792E-006   6.4718613771876230E-014   1.5999808996302604E-007
   1.2405164018266839E-006   6.9487968629054197E-014   1.6775135988766081E-007
   1.2703220955547663E-006   7.4608574730715042E-014   1.7587965066003612E-007
   1.3008439260282452E-006   8.0106279005029935E-014   1.8440105105338897E-007
   1.3320990997527873E-006   8.6008828165650087E-014   1.9333451861334376E-007
   1.3641052366520846E-006   9.2346008133714276E-014   2.0269992111090175E-007
   1.3968803800009825E-006   9.9149793670523848E-014   2.1251807995336985E-007
   1.4304430065972677E-006   1.0645450896657953E-013   2.2281081564435963E-007
   1.4648120371778690E-006   1.1429699998690227E-013   2.3360099538786397E-007
   1.5000068470852958E-006   1.2271681943074444E-013   2.4491258293590082E-007
   1.5360472771903845E-006   1.3175642522620299E-013   2.5677069078379903E-007
   1.5729536450774827E-006   1.4146139354710501E-013   2.6920163482157855E-007
   1.6107467564983534E-006   1.5188064741127822E-013   2.8223299155497837E-007
   1.6494479171013095E-006   1.6306670199626452E-013   2.9589365801490790E-007
   1.6890789444421454E-006   1.7507592789093305E-013   3.1021391447901310E-007
   1.7296621802836565E-006   1.8796883358991065E-013   3.2522549013492129E-007
   1.7712205031906909E-006   2.0181036863254294E-013   3.4096163182053653E-007
   1.8137773414277893E-006   2.1667024888965598E-013   3.5745717598237833E-007
   1.8573566861667435E-006   2.3262330561040931E-013   3.7474862399965386E-007
   1.9019831050114904E-006   2.4974985995828379E-013   3.9287422102823961E-007
   1.9476817558479380E-006   2.6813612489038705E-013   4.1187403852515358E-007
   1.9944784010265901E-006   2.8787463636852559E-013   4.3179006062166997E-007
   2.0423994218859207E-006   3.0906471603428436E-013   4.5266627452051405E-007
   2.0914718336246970E-006   3.3181296763448320E-013   4.7454876509992108E-007
   2.1417233005316559E-006   3.5623380964865533E-013   4.9748581391574341E-007
   2.1931821515810652E-006   3.8245004674722062E-013   5.2152800280105615E-007
   2.2458773964030315E-006   4.1059348289880644E-013   5.4672832227110436E-007
   2.2998387416375217E-006   4.4080557914850322E-013   5.7314228495073692E-007
   2.3550966076812857E-006   4.7323815930673999E-013   6.0082804425088302E-007
   2.4116821458371985E-006   5.0805416702196207E-013   6.2984651853000245E-007
   2.4696272558756194E-006   5.4542847796042262E-013   6.6026152098705207E-007
   2.5289646040177019E-006   5.8554877108445885E-013   6.9213989554276261E-007
   2.5897276413508023E-006   6.2861646330772832E-013   7.2555165897698100E-007
   2.6519506226863131E-006   6.7484771211351661E-013   7.6057014960147608E-007
   2.7156686258706263E-006   7.2447449105173605E-013   7.9727218275901624E-007
   2.7809175715600821E-006   7.7774574338318615E-013   8.3573821345205378E-007
   2.8477342434710021E-006   8.3492861951771839E-013   8.7605250641731444E-007
   2.9161563091163170E-006   8.9630980429785914E-013   9.1830331397518640E-007
   2.9862223410404042E-006   9.6219694061304166E-013   9.6258306199701386E-007
   3.0579718385641323E-006   1.0329201562941074E-012   1.0089885443478459E-006
   3.1314452500523943E-006   1.1088337017348596E-012   1.0576211261761501E-006
   3.2066839957166108E-006   1.1903177062199289E-012   1.1085869564377436E-006
   3.2837304909651482E-006   1.2777800615085809E-012   1.1619971900577908E-006
   3.3626281703147796E-006   1.3716584418340457E-012   1.2179682201495250E-006
   3.4434215118766064E-006   1.4724224701315111E-012   1.2766219207264496E-006
   3.5261560624303616E-006   1.5805760410076982E-012   1.3380859003628717E-006
   3.6108784631011361E-006   1.6966598117129668E-012   1.4024937672741059E-006
   3.6976364756530394E-006   1.8212538731786936E-012   1.4699854063079203E-006
   3.7864790094146413E-006   1.9549806140402404E-012   1.5407072683585918E-006
   3.8774561488512888E-006   2.0985077914829914E-012   1.6148126727330450E-006
   3.9706191817999470E-006   2.2525518237316057E-012   1.6924621230215229E-006
   4.0660206283824502E-006   2.4178813200530671E-012   1.7738236370462003E-006
   4.1637142706133678E-006   2.5953208652677314E-012   1.8590730914817983E-006
   4.2637551827193376E-006   2.7857550769658339E-012   1.9483945817669638E-006
   4.3661997621868330E-006   2.9901329549129035E-012   2.0419807979486593E-006
   4.4711057615559157E-006   3.2094725435029982E-012   2.1400334171241854E-006
   4.5785323209779239E-006   3.4448659295906364E-012   2.2427635131726334E-006
   4.6885400015553477E-006   3.6974845996054037E-012   2.3503919844926413E-006
   4.8011908194828203E-006   3.9685851815359008E-012   2.4631500004891097E-006
   4.9165482810084191E-006   4.2595155991683756E-012   2.5812794675793243E-006
   5.0346774182348944E-006   4.5717216678887359E-012   2.7050335155179196E-006
   5.1556448257811741E-006   4.9067541634120884E-012   2.8346770048664806E-006
   5.2795186983246879E-006   5.2662763970013766E-012   2.9704870564654673E-006
   5.4063688690457153E-006   5.6520723330848515E-012   3.1127536037951281E-006
   5.5362668489954728E-006   6.0660552876913665E-012   3.2617799691429376E-006
   5.6692858674100001E-006   6.5102772488037826E-012   3.4178834645283021E-006
   5.8055009129927477E-006   6.9869388625952129E-012   3.5813960183652346E-006
   5.9449887761890567E-006   7.4984001325727219E-012   3.7526648288789352E-006
   6.0878280924762648E-006   8.0471918819215380E-012   3.9320530453262600E-006
   6.2340993866940481E-006   8.6360280328332865E-012   4.1199404781020749E-006
   6.3838851184398206E-006   9.2678187603287734E-012   4.3167243388511145E-006
   6.5372697285548459E-006   9.9456845820666859E-012   4.5228200117415731E-006
   6.6943396867273190E-006   1.0672971449876424E-011   4.7386618570890842E-006
   6.8551835402390869E-006   1.1453266913288652E-011   4.9647040485598451E-006
   7.0198919638836969E-006   1.2290417430179750E-011   5.2014214452213564E-006
   7.1885578110838313E-006   1.3188546904807351E-011   5.4493104997407224E-006
   7.3612761662368087E-006   1.4152076539026586E-011   5.7088902040737564E-006
   7.5381443983179162E-006   1.5185746088358782E-011   5.9807030740289331E-006
   7.7192622157715960E-006   1.6294636620849670E-011   6.2653161741217953E-006
   7.9047317227214861E-006   1.7484194883345945E-011   6.5633221841815542E-006
   8.0946574765310898E-006   1.8760259386951768E-011   6.8753405092114359E-006
   8.2891465467473033E-006   2.0129088331023883E-011   7.2020184340364194E-006
   8.4883085754602946E-006   2.1597389493176387E-011   7.5440323243202310E-006
   8.6922558391136381E-006   2.3172352221402122E-011   7.9020888755721188E-006
   8.9011033117994297E-006   2.4861681673617575E-011   8.2769264117942167E-006
   9.1149687300743270E-006   2.6673635459755368E-011   8.6693162354712941E-006
   9.3339726593328288E-006   2.8617062851970056E-011   9.0800640306393479E-006
   9.5582385617753170E-006   3.0701446739649687E-011   9.5100113208009120E-006
   9.7878928660092124E-006   3.2936948517779204E-011   9.9600369835021062E-006
   1.0023065038322281E-005   3.5334456109814329E-011   1.0431058823419931E-005
   1.0263887655668555E-005   3.7905635339653803E-011   1.0924035205838754E-005
   1.0510496480407873E-005   4.0662984881589977E-011   1.1439966752435836E-005
   1.0763030536841022E-005   4.3619895032324756E-011   1.1979898101328623E-005
   1.1021632189583962E-005   4.6790710565315797E-011   1.2544919733360886E-005
   1.1286447223825029E-005   5.0190797944923076E-011   1.3136169866643557E-005
   1.1557624927510476E-005   5.3836617196125839E-011   1.3754836421388663E-005
   1.1835318175504775E-005   5.7745798745029802E-011   1.4402159057099137E-005
   1.2119683515772814E-005   6.1937225566065260E-011   1.5079431284209013E-005
   1.2410881257632967E-005   6.6431120993745046E-011   1.5788002652275194E-005
   1.2709075562130615E-005   7.1249142580201331E-011   1.6529281016850700E-005
   1.3014434534582857E-005   7.6414482404513964E-011   1.7304734887183227E-005
   1.3327130319346998E-005   8.1951974266178928E-011   1.8115895856883842E-005
   1.3647339196865914E-005   8.7888208223017386E-011   1.8964361119725570E-005
   1.3975241683045109E-005   9.4251652963516516E-011   1.9851796072741317E-005
   1.4311022631017614E-005   1.0107278653506343E-010   2.0779937008769131E-005
   1.4654871335353723E-005   1.0838423598294786E-010   2.1750593900599323E-005
   1.5006981638774791E-005   1.1622092649046622E-010   2.2765653278878855E-005
   1.5367552041431025E-005   1.2462024064799511E-010   2.3827081205880488E-005
   1.5736785812804641E-005   1.3362218851874362E-010   2.4936926347242617E-005
   1.6114891106301963E-005   1.4326958921113485E-010   2.6097323143766846E-005
   1.6502081076598687E-005   1.5360826471243208E-010   2.7310495085290697E-005
   1.6898573999804552E-005   1.6468724678563239E-010   2.8578758088639436E-005
   1.7304593396515372E-005   1.7655899778181117E-010   2.9904523981612555E-005
   1.7720368157821296E-005   1.8927964627314960E-010   3.1290304094871429E-005
   1.8146132674342919E-005   2.0290923846812143E-010   3.2738712963563341E-005
   1.8582126968367755E-005   2.1751200642974725E-010   3.4252472140439548E-005
   1.9028596829161204E-005   2.3315665418064817E-010   3.5834414122108685E-005
   1.9485793951528973E-005   2.4991666284517598E-010   3.7487486390013669E-005
   1.9953976077708534E-005   2.6787061604913595E-010   3.9214755567614220E-005
   2.0433407142669780E-005   2.8710254687182089E-010   4.1019411695111279E-005
   2.0924357422906998E-005   3.0770230772356807E-010   4.2904772622964889E-005
   2.1427103688805439E-005   3.2976596460482233E-010   4.4874288525323409E-005
   2.1941929360669170E-005   3.5339621729012437E-010   4.6931546534303296E-005
   2.2469124668497708E-005   3.7870284707270074E-010   4.9080275495944807E-005
   2.3008986815601314E-005   4.0580319380265916E-010   5.1324350848492029E-005
   2.3561820146147769E-005   4.3482266405442527E-010   5.3667799623449580E-005
   2.4127936316734613E-005   4.6589527236726150E-010   5.6114805569708005E-005
   2.4707654472083711E-005   4.9916421761673460E-010   5.8669714400806982E-005
   2.5301301424957420E-005   5.3478249669516071E-010   6.1337039165219081E-005
   2.5909211840397128E-005   5.7291355780550387E-010   6.4121465739282134E-005
   2.6531728424388872E-005   6.1373199580646863E-010   6.7027858442194086E-005
   2.7169202117062013E-005   6.5742429218667570E-010   7.0061265772241975E-005
   2.7821992290529398E-005   7.0418960239321601E-010   7.3226926263161773E-005
   2.8490466951481527E-005   7.5424059339504217E-010   7.6530274459258937E-005
   2.9175002948648146E-005   8.0780433452463721E-010   7.9976947007664813E-005
   2.9875986185244478E-005   8.6512324481274718E-010   8.3572788865790147E-005
   3.0593811836522158E-005   9.2645610021093842E-010   8.7323859621731576E-005
   3.1328884572546670E-005   9.9207910428572850E-010   9.1236439925111102E-005
   3.2081618786327936E-005   1.0622870261666069E-009   9.5317038025499520E-005
   3.2852438827432118E-005   1.1373944097382887E-009   9.9572396415229040E-005
   3.3641779241205930E-005   1.2177368582860884E-009   1.0400949857310491E-004
   3.4450085013749279E-005   1.3036723990324932E-009   1.0863557580519734E-004
   3.5277811822773564E-005   1.3955829322429119E-009   1.1345811417851102E-004
   3.6125426294487270E-005   1.4938757698304420E-009   1.1848486154304453E-004
   3.6993406266654063E-005   1.5989852686531222E-009   1.2372383463740084E-004
   3.7882241057970711E-005   1.7113745639730967E-009   1.2918332627275409E-004
   3.8792431743917816E-005   1.8315374088362991E-009   1.3487191258964529E-004
   3.9724491439238453E-005   1.9600001254338900E-009   1.4079846038180983E-004
   4.0678945587203264E-005   2.0973236748228170E-009   1.4697213448082994E-004
   4.1656332255826289E-005   2.2441058517143260E-009   1.5340240519515352E-004
   4.2657202441197650E-005   2.4009836113851961E-009   1.6009905579673263E-004
   4.3682120378104362E-005   2.5686355361283211E-009   1.6707219004822099E-004
   4.4731663858114716E-005   2.7477844490373971E-009   1.7433223976339853E-004
   4.5806424555304488E-005   2.9392001833154577E-009   1.8188997239329253E-004
   4.6907008359810013E-005   3.1437025157099575E-009   1.8975649863024106E-004
   4.8034035719395487E-005   3.3621642731075042E-009   1.9794328002188351E-004
   4.9188141989226330E-005   3.5955146217714143E-009   2.0646213658698852E-004
   5.0369977790047326E-005   3.8447425491751484E-009   2.1532525442489545E-004
   5.1580209374966201E-005   4.1109005488740609E-009   2.2454519331016609E-004
   5.2819519005049912E-005   4.3951085193696596E-009   2.3413489426409340E-004
   5.4088605333945717E-005   4.6985578884541759E-009   2.4410768709470923E-004
   5.5388183801742603E-005   5.0225159750788499E-009   2.5447729789688074E-004
   5.6718987038296766E-005   5.3683306013706126E-009   2.6525785650424499E-004
   5.8081765276247755E-005   5.7374349680268820E-009   2.7646390388495290E-004
   5.9477286773957228E-005   6.1313528069486162E-009   2.8811039947322496E-004
   6.0906338248610527E-005   6.5517038256310230E-009   3.0021272842911440E-004
   6.2369725319723864E-005   7.0002094585170887E-009   3.1278670881921861E-004
   6.3868272963307562E-005   7.4786989412347537E-009   3.2584859871140793E-004
   6.5402825976941975E-005   7.9891157243849040E-009   3.3941510317708398E-004
   6.6974249456026527E-005   8.5335242443253229E-009   3.5350338119513955E-004
   6.8583429281472651E-005   9.1141170692083877E-009   3.6813105245234233E-004
   7.0231272619114321E-005   9.7332224393752893E-009   3.8331620403546618E-004
   7.1918708431116909E-005   1.0393312222093243E-008   3.9907739701139019E-004
   7.3646687999674653E-005   1.1097010301544485E-008   4.1543367289223547E-004
   7.5416185463290448E-005   1.1847101425934886E-008   4.3240455998336133E-004
   7.7228198365940603E-005   1.2646540534594683E-008   4.5001007961319048E-004
   7.9083748219435060E-005   1.3498462588991652E-008   4.6827075224498897E-004
   8.0983881079288027E-005   1.4406192932667851E-008   4.8720760347159878E-004
   8.2929668134425991E-005   1.5373258206255538E-008   5.0684216989559615E-004
   8.4922206311064896E-005   1.6403397844920175E-008   5.2719650489863512E-004
   8.6962618891094973E-005   1.7500576186822751E-008   5.4829318430496218E-004
   8.9052056145325057E-005   1.8668995222499314E-008   5.7015531194557672E-004
   9.1191695981940917E-005   1.9913108016416219E-008   5.9280652513118580E-004
   9.3382744610544116E-005   2.1237632833384573E-008   6.1627100004342115E-004
   9.5626437222146274E-005   2.2647568004007386E-008   6.4057345705542126E-004
   9.7924038685499919E-005   2.4148207564893163E-008   6.6573916599470815E-004
   1.0027684426016146E-004   2.5745157711004654E-008   6.9179395136287705E-004
   1.0268618032668676E-004   2.7444354099218327E-008   7.1876419752814964E-004
   1.0515340513436947E-004   2.9252080043963536E-008   7.4667685390889459E-004
   1.0767990956694697E-004   3.1174985647691570E-008   7.7555944016785387E-004
   1.1026711792670283E-004   3.3220107910886500E-008   8.0544005143835806E-004
   1.1291648873740882E-004   3.5394891868398945E-008   8.3634736360580235E-004
   1.1562951556656004E-004   3.7707212801050628E-008   8.6831063866945853E-004
   1.1840772786736376E-004   4.0165399573722845E-008   9.0135973021104908E-004
   1.2125269184096049E-004   4.2778259153532974E-008   9.3552508899829765E-004
   1.2416601131936140E-004   4.5555102364207941E-008   9.7083776875371358E-004
   1.2714932866959811E-004   4.8505770935382537E-008   1.0073294321196202E-003
   1.3020432571959851E-004   5.1640665908324656E-008   1.0450323568524519E-003
   1.3333272470630720E-004   5.4970777462482538E-008   1.0839794422807711E-003
   1.3653628924658657E-004   5.8507716230300032E-008   1.1242042160624190E-003
   1.3981682533144641E-004   6.2263746170947990E-008   1.1657408412774613E-003
   1.4317618234415959E-004   6.6251819076986754E-008   1.2086241238948733E-003
   1.4661625410284182E-004   7.0485610791521784E-008   1.2528895206518923E-003
   1.5013897992808154E-004   7.4979559217122247E-008   1.2985731473851049E-003
   1.5374634573621913E-004   7.9748904201693345E-008   1.3457117878538883E-003
   1.5744038515889673E-004   8.4809729390614775E-008   1.3943429030969987E-003
   1.6122318068950624E-004   9.0179006138761862E-008   1.4445046413629223E-003
   1.6509686485718244E-004   9.5874639580595548E-008   1.4962358486556061E-003
   1.6906362142900540E-004   1.0191551696128413E-007   1.5495760799368980E-003
   1.7312568664108453E-004   1.0832155833684063E-007   1.6045656110267369E-003
   1.7728535045922491E-004   1.1511376975655511E-007   1.6612454512415593E-003
   1.8154495786988295E-004   1.2231429904657190E-007   1.7196573568121517E-003
   1.8590691020213735E-004   1.2994649431927598E-007   1.7798438451197606E-003
   1.9037366648142561E-004   1.3803496533933038E-007   1.8418482097896220E-003
   1.9494774481580514E-004   1.4660564788364753E-007   1.9057145366800556E-003
   1.9963172381552179E-004   1.5568587123937145E-007   1.9714877208037713E-003
   2.0442824404668785E-004   1.6530442899107386E-007   2.0392134842164532E-003
   2.0934000951988390E-004   1.7549165325586738E-007   2.1089383949071030E-003
   2.1436978921453016E-004   1.8627949253303390E-007   2.1807098867229705E-003
   2.1952041863988381E-004   1.9770159334299629E-007   2.2545762803589148E-003
   2.2479480143353865E-004   2.0979338583918561E-007   2.3305868054411326E-003
   2.3019591099833562E-004   2.2259217358548601E-007   2.4087916237324879E-003
   2.3572679217860108E-004   2.3613722770148603E-007   2.4892418534840964E-003
   2.4139056297665967E-004   2.5046988558785315E-007   2.5719895949567785E-003
   2.4719041631059201E-004   2.6563365445472513E-007   2.6570879571341296E-003
   2.5312962181422109E-004   2.8167431988704356E-007   2.7445910856457628E-003
   2.5921152768035093E-004   2.9864005969243608E-007   2.8345541919176762E-003
   2.6543956254829209E-004   3.1658156328946472E-007   2.9270335835659420E-003
   2.7181723743673460E-004   3.3555215690681097E-007   3.0220866960456272E-003
   2.7834814772306657E-004   3.5560793487745913E-007   3.1197721255659477E-003
   2.8503597517024647E-004   3.7680789732603181E-007   3.2201496632819518E-003
   2.9188449000237571E-004   3.9921409456218092E-007   3.3232803307689323E-003
   2.9889755303014247E-004   4.2289177850845788E-007   3.4292264167849322E-003
   3.0607911782732847E-004   4.4790956150734959E-007   3.5380515153258085E-003
   3.1343323295961477E-004   4.7433958286924561E-007   3.6498205649753853E-003
   3.2096404426693904E-004   5.0225768354089498E-007   3.7645998895502542E-003
   3.2867579720068573E-004   5.3174358929271518E-007   3.8824572400400137E-003
   3.3657283921703656E-004   5.6288110284300265E-007   4.0034618378419233E-003
   3.4465962222782372E-004   5.9575830535755190E-007   4.1276844192859883E-003
   3.5294070511026856E-004   6.3046776778491431E-007   4.2551972814482966E-003
   3.6142075627702505E-004   6.6710677251014194E-007   4.3860743292498680E-003
   3.7010455630796628E-004   7.0577754583348217E-007   4.5203911238354136E-003
   3.7899700064521116E-004   7.4658750180546073E-007   4.6582249322278382E-003
   3.8810310235290311E-004   7.8964949797587598E-007   4.7996547782562203E-003
   3.9742799494329241E-004   8.3508210364139234E-007   4.9447614947510325E-003
   4.0697693527072672E-004   8.8300988120519734E-007   5.0936277770033270E-003
   4.1675530649517146E-004   9.3356368129220150E-007   5.2463382374865397E-003
   4.2676862111693464E-004   9.8688095229461539E-007   5.4029794618370569E-003
   4.3702252408430988E-004   1.0431060650557844E-006   5.5636400660921534E-003
   4.4752279597587918E-004   1.1023906534346811E-006   5.7284107551857357E-003
   4.5827535625928261E-004   1.1648939715298266E-006   5.8973843827038255E-003
   4.6928626662828669E-004   1.2307832683791290E-006   6.0706560119000216E-003
   4.8056173442002421E-004   1.3002341809921284E-006   6.2483229779767115E-003
   4.9210811611434828E-004   1.3734311466129149E-006   6.4304849516386127E-003
   5.0393192091725987E-004   1.4505678351554928E-006   6.6172440039242997E-003
   5.1603981443043448E-004   1.5318476027993816E-006   6.8087046723259445E-003
   5.2843862240892030E-004   1.6174839677814556E-006   7.0049740282110634E-003
   5.4113533460911232E-004   1.7077011094700674E-006   7.2061617455581803E-003
   5.5413710872919038E-004   1.8027343918605713E-006   7.4123801710212992E-003
   5.6745127444423271E-004   1.9028309126869428E-006   7.6237443953463269E-003
   5.8108533753827246E-004   2.0082500794017373E-006   7.8403723261556337E-003
   5.9504698413564343E-004   2.1192642133380342E-006   8.0623847621254865E-003
   6.0934408503398793E-004   2.2361591834306567E-006   8.2899054685833529E-003
   6.2398470014137202E-004   2.3592350709409547E-006   8.5230612545528009E-003
   6.3897708302001685E-004   2.4888068666994310E-006   8.7619820512742294E-003
   6.5432968553918959E-004   2.6252052024543797E-006   9.0068009922376190E-003
   6.7005116263989977E-004   2.7687771179919192E-006   9.2576544947629725E-003
   6.8615037721407514E-004   2.9198868657732796E-006   9.5146823431633363E-003
   7.0263640510095980E-004   3.0789167549204498E-006   9.7780277735332530E-003
   7.1951854020356964E-004   3.2462680364705415E-006   1.0047837560207893E-002
   7.3680629972807635E-004   3.4223618319116630E-006   1.0324262103932660E-002
   7.5450942954907567E-004   3.6076401071117384E-006   1.0607455521794276E-002
   7.7263790970377299E-004   3.8025666938543573E-006   1.0897575738965539E-002
   7.9120196001816420E-004   4.0076283613025342E-006   1.1194784582311589E-002
   8.1021204586840720E-004   4.2233359398248643E-006   1.1499247875912822E-002
   8.2967888408062179E-004   4.4502254997370335E-006   1.1811135538565684E-002
   8.4961344897242959E-004   4.6888595876347633E-006   1.2130621683314892E-002
   8.7002697853966855E-004   4.9398285231253159E-006   1.2457884719078287E-002
   8.9093098079174606E-004   5.2037517589011073E-006   1.2793107454431418E-002
   9.1233724023921192E-004   5.4812793072416059E-006   1.3136477203613339E-002
   9.3425782453721549E-004   5.7730932361800354E-006   1.3488185894819130E-002
   9.5670509128855925E-004   6.0799092387287472E-006   1.3848430180850926E-002
   9.7969169501024682E-004   6.4024782787229133E-006   1.4217411552196999E-002
   1.0032305942673850E-003   6.7415883170136667E-006   1.4595336452609362E-002
   1.0273350589784880E-003   7.0980661219248381E-006   1.4982416397256280E-002
   1.0520186778963394E-003   7.4727791680776971E-006   1.5378868093524258E-002
   1.0772953662685628E-003   7.8666376278864450E-006   1.5784913564546921E-002
   1.1031793736822506E-003   8.2805964602378547E-006   1.6200780275540269E-002
   1.1296852920971083E-003   8.7156576010882923E-006   1.6626701263026247E-002
   1.1568280640715774E-003   9.1728722609396548E-006   1.7062915267024879E-002
   1.1846229911866041E-003   9.6533433343990231E-006   1.7509666866300549E-002
   1.2130857426718448E-003   1.0158227927280346E-005   1.7967206616749783E-002
   1.2422323642390719E-003   1.0688740006969086E-005   1.8435791193014542E-002
   1.2720792871278787E-003   1.1246153182053561E-005   1.8915683533414038E-002
   1.3026433373686864E-003   1.1831803617514605E-005   1.9407152988283244E-002
   1.3339417452683045E-003   1.2447093092073605E-005   1.9910475471811889E-002
   1.3659921551234509E-003   1.3093492204620887E-005   2.0425933617479287E-002
   1.3988126351675840E-003   1.3772543736979540E-005   2.0953816937178769E-002
   1.4324216877567991E-003   1.4485866180617909E-005   2.1494421984132012E-002
   1.4668382598004095E-003   1.5235157435289708E-005   2.2048052519692034E-002
   1.5020817534421424E-003   1.6022198687971444E-005   2.2615019684136040E-002
   1.5381720369980164E-003   1.6848858480875037E-005   2.3195642171552941E-002
   1.5751294561569737E-003   1.7717096977737147E-005   2.3790246408931119E-002
   1.6129748454506291E-003   1.8628970438037121E-005   2.4399166739551365E-002
   1.6517295399986495E-003   1.9586635909266232E-005   2.5022745610799504E-002
   1.6914153875362879E-003   2.0592356147859158E-005   2.5661333766506110E-002
   1.7320547607309002E-003   2.1648504779918287E-005   2.6315290443929450E-002
   1.7736705697944490E-003   2.2757571713404265E-005   2.6984983575498365E-002
   1.8162862753989546E-003   2.3922168814027921E-005   2.7670789995431936E-002
   1.8599259019023567E-003   2.5145035857683228E-005   2.8373095651360012E-002
   1.9046140508920889E-003   2.6429046772876249E-005   2.9092295821064998E-002
   1.9503759150540615E-003   2.7777216187265946E-005   2.9828795334472198E-002
   1.9972372923749396E-003   2.9192706293119606E-005   3.0583008801020294E-002
   2.0452246006855547E-003   3.0678834047198683E-005   3.1355360842537691E-002
   2.0943648925538520E-003   3.2239078721357579E-005   3.2146286331766132E-002
   2.1446858705355997E-003   3.3877089820917964E-005   3.2956230636663343E-002
   2.1962159027915222E-003   3.5596695388718284E-005   3.3785649870625996E-002
   2.2489840390797302E-003   3.7401910713611176E-005   3.4635011148781134E-002
   2.3030200271323344E-003   3.9296947463085430E-005   3.5504792850485190E-002
   2.3583543294255307E-003   4.1286223260655247E-005   3.6395484888186343E-002
   2.4150181403526957E-003   4.3374371729662285E-005   3.7307588982800399E-002
   2.4730434038100209E-003   4.5566253026183932E-005   3.8241618945758900E-002
   2.5324628312046729E-003   4.7866964884849657E-005   3.9198100967887103E-002
   2.5933099198957228E-003   5.0281854202528937E-005   4.0177573915279936E-002
   2.6556189720780160E-003   5.2816529186054864E-005   4.1180589632337353E-002
   2.7194251141199016E-003   5.5476872091440873E-005   4.2207713252138700E-002
   2.7847643163654914E-003   5.8269052583363012E-005   4.3259523514325278E-002
   2.8516734134127059E-003   6.1199541745092588E-005   4.4336613090671273E-002
   2.9201901248786313E-003   6.4275126770534490E-005   4.5439588918533919E-002
   2.9903530766636601E-003   6.7502926371549462E-005   4.6569072542360680E-002
   3.0622018227266872E-003   7.0890406935377601E-005   4.7725700463454639E-002
   3.1357768673833985E-003   7.4445399468650253E-005   4.8910124498191758E-002
   3.2111196881403083E-003   7.8176117366265149E-005   5.0123012144891295E-002
   3.2882727590775335E-003   8.2091175045266284E-005   5.1365046959548105E-002
   3.3672795747932754E-003   8.6199607485805182E-005   5.2636928940639129E-002
   3.4481846749236144E-003   9.0510890723320364E-005   5.3939374923215523E-002
   3.5310336692515420E-003   9.5034963338224416E-005   5.5273118982511457E-002
   3.6158732634191800E-003   9.9782248991617175E-005   5.6638912847285929E-002
   3.7027512852577747E-003   1.0476368005792444E-004   5.8037526323140798E-002
   3.7917167117504525E-003   1.0999072240783723E-004   5.9469747726045706E-002
   3.8828196966426065E-003   1.1547540139749824E-004   6.0936384326316345E-002
   3.9761115987158721E-003   1.2123032912264391E-004   6.2438262803299255E-002
   4.0716450107413076E-003   1.2726873299922378E-004   6.3976229711010885E-002
   4.1694737891282176E-003   1.3360448573504155E-004   6.5551151955004314E-002
   4.2696530842854970E-003   1.4025213676009432E-004   6.7163917280719215E-002
   4.3722393717122348E-003   1.4722694518656194E-004   6.8815434773601580E-002
   4.4772904838355594E-003   1.5454491437288194E-004   7.0506635371266169E-002
   4.5848656426132868E-003   1.6222282816992975E-004   7.2238472387994801E-002
   4.6950254929199109E-003   1.7027828893114279E-004   7.4011922051863924E-002
   4.8078321367348957E-003   1.7872975737241045E-004   7.5827984054802455E-002
   4.9233491681522634E-003   1.8759659437169999E-004   7.7687682115892692E-002
   5.0416417092313433E-003   1.9689910480278825E-004   7.9592064558226872E-002
   5.1627764467090586E-003   2.0665858350206605E-004   8.1542204899651125E-002
   5.2868216695941403E-003   2.1689736347215851E-004   8.3539202457721493E-002
   5.4138473076646050E-003   2.2763886643118247E-004   8.5584182969214773E-002
   5.5439249708903937E-003   2.3890765582176840E-004   8.7678299224549297E-002
   5.6771279898029268E-003   2.5072949239945844E-004   8.9822731717462148E-002
   5.8135314568349009E-003   2.6313139252600643E-004   9.2018689310319729E-002
   5.9532122686531625E-003   2.7614168929911755E-004   9.4267409915425079E-002
   6.0962491695086890E-003   2.8979009665662086E-004   9.6570161192715581E-002
   6.2427227956283584E-003   3.0410777659978374E-004   9.8928241264238631E-002
   6.3927157206729824E-003   3.1912740968744580E-004  0.10134297944580549     
   6.5463125022878835E-003   3.3488326896014047E-004  0.10381573699624554     
   6.7035997297717155E-003   3.5141129746099392E-004  0.10634790788466919     
   6.8646660728906087E-003   3.6874918952838179E-004  0.10894091957617981     
   7.0296023318653783E-003   3.8693647604383819E-004  0.11159623383648129     
   7.1985014885595578E-003   4.0601461382755872E-004  0.11431534755582105     
   7.3714587588973078E-003   4.2602707938327582E-004  0.11709979359274508     
   7.5485716465409965E-003   4.4701946720408770E-004  0.11995114163813744     
   7.7299399978582534E-003   4.6903959286104572E-004  0.12287099910002505     
   7.9156660582096958E-003   4.9213760110716428E-004  0.12586101200965288     
   8.1058545295893542E-003   5.1636607924084510E-004  0.12892286594934241     
   8.3006126296495918E-003   5.4178017598444800E-004  0.13205828700264075     
   8.5000501521446427E-003   5.6843772614638280E-004  0.13526904272731752     
   8.7042795288261102E-003   5.9639938134794309E-004  0.13855694315174338     
   8.9134158928256355E-003   6.2572874710989856E-004  0.14192384179521075     
   9.1275771435607479E-003   6.5649252660823971E-004  0.14537163671278272     
   9.3468840131997240E-003   6.8876067142335416E-004  0.14890227156524918     
   9.5714601347238817E-003   7.2260653962291372E-004  0.15251773671479707     
   9.8014321116248609E-003   7.5810706153507581E-004  0.15622007034701052     
   1.0036929589276508E-002   7.9534291358609359E-004  0.16001135961983295     
   1.0278085328021911E-002   8.3439870059462287E-004  0.16389374184014449     
   1.0525035278016175E-002   8.7536314693396834E-004  0.16786940566861169     
   1.0777918655867426E-002   9.1832929699361607E-004  0.17194059235348352     
   1.1036878023119590E-002   9.6339472539242940E-004  0.17610959699404186     
   1.1302059366620532E-002   1.0106617574177140E-003  0.18037876983441700     
   1.1573612180821180E-002   1.0602377001875333E-003  0.18475051758847788     
   1.1851689552052427E-002   1.1122350850579425E-003  0.18922730479657368     
   1.2136448244826358E-002   1.1667719218218654E-003  0.19381165521486204     
   1.2428048790211615E-002   1.2239719652733707E-003  0.19850615323803442     
   1.2726655576331739E-002   1.2839649947385715E-003  0.20331344535622345     
   1.3032436941037897E-002   1.3468871072038575E-003  0.20823624164689894     
   1.3345565266808676E-002   1.4128810247029517E-003  0.21327731730264471     
   1.3666217077929354E-002   1.4820964166560038E-003  0.21843951419561489     
   1.3994573140006765E-002   1.5546902378882448E-003  0.22372574247958960     
   1.4330818561874738E-002   1.6308270830905920E-003  0.22913898223052806     
   1.4675142899947966E-002   1.7106795585219315E-003  0.23468228512653247     
   1.5027740265083652E-002   1.7944286717917815E-003  0.24035877616817691     
   1.5388809432010233E-002   1.8822642406025024E-003  0.24617165544017164     
   1.5758553951385323E-002   1.9743853213732344E-003  0.25212419991534402     
   1.6137182264546534E-002   2.0710006587127084E-003  0.25821976530197438     
   1.6524907821018932E-002   2.1723291567546351E-003  0.26446178793550335     
   1.6921949198845789E-002   2.2786003734191211E-003  0.27085378671568311     
   1.7328530227811105E-002   2.3900550387152969E-003  0.27739936509028290     
   1.7744880115621867E-002   2.5069455982539958E-003  0.28410221308643074     
   1.8171233577123021E-002   2.6295367831970706E-003  0.29096610939076184     
   1.8607830966616407E-002   2.7581062079286922E-003  0.29799492347953671     
   1.9054918413358914E-002   2.8929449967970730E-003  0.30519261779992785     
   1.9512747960316899E-002   3.0343584413405431E-003  0.31256325000368768     
   1.9981577706253400E-002   3.1826666894802414E-003  0.32011097523448218     
   2.0461671951230321E-002   3.3382054682345578E-003  0.32784004847014736     
   2.0953301345605843E-002   3.5013268415852298E-003  0.33575482692120850     
   2.1456743042611796E-002   3.6724000052047656E-003  0.34385977248697602     
   2.1972280854597612E-002   3.8518121198382093E-003  0.35215945427065271     
   2.2500205413027708E-002   4.0399691852186304E-003  0.36065855115477574     
   2.3040814332323030E-002   4.2372969564879485E-003  0.36936185443853736     
   2.3594412377639949E-002   4.4442419051903739E-003  0.37827427053837354     
   2.4161311636679627E-002   4.6612722270058145E-003  0.38740082375339030     
   2.4741831695625400E-002   4.8888788984964163E-003  0.39674665909711898     
   2.5336299819308229E-002   5.1275767852503196E-003  0.40631704519725004     
   2.5945051135699670E-002   5.3779058039212235E-003  0.41611737726486753     
   2.6568428824838956E-002   5.6404321407859150E-003  0.42615318013492143     
   2.7206784312298494E-002   5.9157495295672890E-003  0.43643011137956361     
   2.7860477467297712E-002   6.2044805914053883E-003  0.44695396449608793     
   2.8529876805577930E-002   6.5072782399990285E-003  0.45773067217123936     
   2.9215359697150192E-002   6.8248271550862471E-003  0.46876630962366334     
   2.9917312579036133E-002   7.1578453275878895E-003  0.48006709802634112     
   3.0636131173119321E-002   7.5070856798981934E-003  0.49163940801086942     
   3.1372220709230854E-002   7.8733377649766820E-003  0.50348976325546035     
   3.2125996153595980E-002   8.2574295480737098E-003  0.51562484415862431     
   3.2897882442768603E-002   8.6602292751065627E-003  0.52805149160046660     
   3.3688314723186459E-002   9.0826474318996698E-003  0.54077671079358447     
   3.4497738596483078E-002   9.5256387987073480E-003  0.55380767522563756     
   3.5326610370692825E-002   9.9902046046502525E-003  0.56715173069552582     
   3.6175397317491517E-002   1.0477394786923647E-002  0.58081639944534202     
   3.7044577935619008E-002   1.0988310359871136E-002  0.59480938439010922     
   3.7934642220629082E-002   1.1524105899262786E-002  0.60913857344738986     
   3.8846091941122513E-002   1.2085992147379177E-002  0.62381204396886636     
   3.9779440921615852E-002   1.2675238744771165E-002  0.63883806727599302     
   4.0735215332206573E-002   1.3293177094851633E-002  0.65422511330170330     
   4.1713953985199448E-002   1.3941203367774784E-002  0.66998185534029353     
   4.2716208638857694E-002   1.4620781650367891E-002  0.68611717490739643     
   4.3742544308454541E-002   1.5333447249212791E-002  0.70264016671200036     
   4.4793539584796899E-002   1.6080810154313199E-002  0.71956014374234922     
   4.5869786960402108E-002   1.6864558671146120E-002  0.73688664246740665     
   4.6971893163513107E-002   1.7686463229273117E-002  0.75462942815555079     
   4.8100479500137530E-002   1.8548380376078161E-002  0.77279850031180775     
   4.9256182204304846E-002   1.9452256964615069E-002  0.79140409823485991     
   5.0439652796740626E-002   2.0400134544979971E-002  0.81045670669476255     
   5.1651558452157124E-002   2.1394153969073345E-002  0.82996706173187718     
   5.2892582375368605E-002   2.2436560219092311E-002  0.84994615657719996     
   5.4163424186445361E-002   2.3529707470590862E-002  0.87040524769390248     
   5.5464800315119023E-002   2.4676064401455068E-002  0.89135586093890651     
   5.6797444404667025E-002   2.5878219758692148E-002  0.91280979784309457     
   5.8162107725499165E-002   2.7138888195486668E-002  0.93477914200759649     
   5.9559559598681380E-002   2.8460916391570616E-002  0.95727626561251644     
   6.0990587829637455E-002   2.9847289470571452E-002  0.98031383603361899     
   6.2455999152268120E-002   3.1301137728631884E-002   1.0039048225604696     
   6.3956619683744137E-002   3.2825743689273691E-002   1.0280625032083552     
   6.5493295390224429E-002   3.4424549500158275E-002   1.0528004716138406     
   6.7066892563763927E-002   3.6101164688119726E-002   1.0781326440014722     
   6.8678298310682076E-002   3.7859374289593142E-002   1.1040732662064023     
   7.0328421051663273E-002   3.9703147374320187E-002   1.1306369207338887     
   7.2018191033872955E-002   4.1636645981014880E-002   1.1578385338329023     
   7.3748560855380590E-002   4.3664234484487217E-002   1.1856933825559566     
   7.5520506002180632E-002   4.5790489414550509E-002   1.2142171017715355     
   7.7335025398116264E-002   4.8020209747897953E-002   1.2434256910888803     
   7.9193141968018840E-002   5.0358427695000152E-002   1.2733355216466364     
   8.1095903214373627E-002   5.2810420004935521E-002   1.3039633427072617     
   8.3044381807845333E-002   5.5381719811958892E-002   1.3353262879880816     
   8.5039676191989044E-002   5.8078129048460193E-002   1.3674418816463492     
   8.7082911202490607E-002   6.0905731449821442E-002   1.4003280438198045     
   8.9175238701288365E-002   6.3870906177498007E-002   1.4340030956058465     
   9.1317838225926165E-002   6.6980342087399114E-002   1.4684857633401991     
   9.3511917654513027E-002   7.0241052671357856E-002   1.5037951820100059     
   9.5758713886656591E-002   7.3660391700056282E-002   1.5399508976054623     
   9.8059493540757062E-002   7.7246069596254421E-002   1.5769728681779367     
  0.10041555366805799        8.1006170567472668E-002   1.6148814633295363     
  0.10282822248385053        8.4949170527349627E-002   1.6536974618084144     
  0.10529886011624594        8.9083955834720119E-002   1.6934420468243760     
  0.10782885937294218        9.3419842878926976E-002   1.7341367986288903     
  0.11041964652641013        9.7966598538894736E-002   1.7758036838201052     
  0.11307268211794526       0.10273446154200494        1.8184650407353167     
  0.11578946178104210       0.10773416474663916        1.8621435601774072     
  0.11857151708454579       0.11297695836924219        1.9068622605849956     
  0.12142041639606800       0.11847463417277805        1.9526444565945400     
  0.12433776576614396       0.12423955062817406        1.9995137197528683     
  0.12732520983363280       0.13028465905359349        2.0474938299139032     
  0.13038443275287628       0.13662353072776004        2.0966087155897855     
  0.13351715914312753       0.14327038496263886        2.1468823812149407     
  0.13672515506079833       0.15024011810718479        2.1983388189157638     
  0.14001022899506196       0.15754833343683200        2.2510019019471521     
  0.14337423288737691       0.16521137186238810        2.3048952564503948     
  0.14681906317551116       0.17324634336601438        2.3600421075907163     
  0.15034666186264672       0.18167115904001704        2.4164650954328168     
  0.15395901761217085       0.19050456356505566        2.4741860550916490     
  0.15765816686877690       0.19976616791649829        2.5332257547318711     
  0.16144619500649668       0.20947648202926147        2.5936035838628202     
  0.16532523750431621       0.21965694708040825        2.6553371830557966     
  0.16929748115004378       0.23032996696247932        2.7184420046724016     
  0.17336516527309415       0.24151893841575175        2.7829307923967797     
  0.17753058300690189       0.25324827916097414        2.8488129652798166     
  0.18179608258166019       0.26554345322084977        2.9160938895827866     
  0.18616406864812024       0.27843099243376535        2.9847740189104539     
  0.19063700363320368       0.29193851294068596        3.0548478799011671     
  0.19521740912817628       0.30609472515844599        3.1263028770446430     
  0.19990786731018514       0.32092943543168073        3.1991178859809191     
  0.20471102239794420       0.33647353717112938        3.2732615998542225     
  0.20962958214239505       0.35275898882692708        3.3486905879188344     
  0.21466631935319014       0.36981877549862535        3.4253470196103395     
  0.21982407346184624       0.38768685033412276        3.5031560007138522     
  0.22510575212245509       0.40639805110131061        3.5820224611461913     
  0.23051433285086120       0.42598798641071994        3.6618275263410123     
  0.23605286470321712       0.44649288500562612        3.7424242965061358     
  0.24172446999486849       0.46794940029839266        3.8236329504620259     
  0.24753234606054728       0.49039436089907962        3.9052350839039960     
  0.25347976705684389       0.51386445623778576        3.9869671865425436     
  0.25957008580800017       0.53839584451484579        4.0685131597852733     
  0.26580673569604202       0.56402366811983784        4.1494957779833186     
  0.27219323259632600       0.59078145935447757        4.2294670038985558     
  0.27873317685960020       0.61870041681038701        4.3078970857904411     
  0.28543025534167366       0.64780853015841899        4.3841623930907403     
  0.29228824348186661       0.67812952851724040        4.4575319948053611     
  0.29931100743139005       0.70968162516461775        4.5271530555324651     
  0.30650250623286274       0.74247602940402579        4.5920352256032606     
  0.31386679405220486       0.77651519528404478        4.6510343428796332     
  0.32140802246414774       0.81179077711765135        4.7028359537368543     
  0.32913044279265652       0.84828126407174920        4.7459394096177983     
  0.33703840850759642       0.88594927141259838        4.7786436122780644     
  0.34513637767897282       0.92473847545066490        4.7990358714851586     
  0.35342891549013866       0.96457019421088785        4.8049858033154260     
  0.36192069681139905        1.0053396379332247        4.7941467242643387     
  0.37061650883543212        1.0469118843411365        4.7639675579919452     
  0.37952125377605028        1.0891176747442575        4.7117188146907658     
  0.38863995163179121        1.1317491795562271        4.6345366416175118     
  0.39797774301590894        1.1745559458552708        4.5294891504693036     
  0.40753989205437419        1.2172413137175784        4.3936690322498393     
  0.41733178935348425        1.2594596682907702        4.2243156637155712     
  0.42735895503879567        1.3008149737039125        4.0189682638175590     
  0.43762704186705931        1.3408611016323473        3.7756489696236639     
  0.44814183841292438        1.3791045060453084        3.4930708559001413     
  0.45890927233222339        1.4150097871123586        3.1708609901744218     
  0.46993541370364916        1.4480086106140238        2.8097829492627198     
  0.48122647845072175        1.4775122859469592        2.4119375441776136     
  0.49278883184598932        1.5029280452401634        1.9809159123448636     
  0.50462899209940881        1.5236787119639159        1.5218770269790951     
  0.51675363403294383        1.5392250239415579        1.0415234581793258     
  0.52916959284346965        1.5490894305805998       0.54795593585244295     
  0.54188386795606103        1.5528797860691816        5.0399098010617364E-002
  0.55490362696989115        1.5503110889469944      -0.44119328445133804     
  0.56823620969891808        1.5412233479146296      -0.91662770204768917     
  0.58188913230965722        1.5255938322425882       -1.3660130487210220     
  0.59587009155839032        1.5035423975388307       -1.7803028797519322     
  0.61018696913015102        1.4753292170907280       -2.1517823544967243     
  0.62484783608199401        1.4413450025104499       -2.4744506483442437     
  0.63986095739300086        1.4020945451234819       -2.7442637831361325     
  0.65523479662360695        1.3581750324826602       -2.9592220119520656     
  0.67097802068689838        1.3102510019430886       -3.1193061610753490     
  0.68709950473452786        1.2590279416852281       -3.2262848394000323     
  0.70360833716002258        1.2052264468372427       -3.2834264077833728     
  0.72051382472232806        1.1495585351042368       -3.2951548862495432     
  0.73782549779243267        1.0927072982840025       -3.2666879659079648     
  0.75555311572605155        1.0353105940273706       -3.2036895159865142     
  0.77370667236542501       0.97794903561466373       -3.1119604729567572     
  0.79229640167326809       0.92113816475771171       -2.9971827404054832     
  0.81133278350212723       0.86532441830829521       -2.8647222395748186     
  0.83082654950232815       0.81088432840627334       -2.7194904556996273     
  0.85078868917187322       0.75812631638846562       -2.5658590808923822     
  0.87123045605172800       0.70729443479214738       -2.4076195879776097     
  0.89216337406991575       0.65857345744364759       -2.2479784512012313     
  0.91359924403808701       0.61209479462090666       -2.0895788232919288     
  0.93555015030414967       0.56794280182667156       -1.9345403514664665     
  0.95802846756474058       0.52616114434110961       -1.7845101013288622     
  0.98104686784140871       0.48675896717552020       -1.6407189820681964     
   1.0046183276243847       0.44971669660213381       -1.5040394446579703     
   1.0287561351879919       0.41499136306093370       -1.3750414496155325     
   1.0534738980818539       0.38252138577377648       -1.2540447230580398     
   1.0787855508020638       0.35223079780663846       -1.1411661295460764     
   1.1047053626466632       0.32403291819382846       -1.0363616017661286     
   1.1312479457599027       0.29783349687769328      -0.93946250705426215     
   1.1584282633697238       0.27353337040422554      -0.85020663010639297     
   1.1862616382232201       0.25103067316600736      -0.76826414046408475     
   1.2147637612247342       0.23022265188808888      -0.69325901985574889     
   1.2439507002815031       0.21100713115004469      -0.62478647123096187     
   1.2738389093618774       0.19328367593494780      -0.56242683684739436     
   1.3044452377711160       0.17695449418956993      -0.50575653134737608     
   1.3357869396501159       0.16192511868943701      -0.45435645805937719     
   1.3678816837023209       0.14810490350391448      -0.40781833047384786     
   1.4007475631543373       0.13540736631251571      -0.36574927132020424     
   1.4344031059559139       0.12375040390992971      -0.32777501247458651     
   1.4688672852249534       0.11305640456419302      -0.29354197229286944     
   1.5041595299434809       0.10325227752249012      -0.26271844417343204     
   1.5402997359106532        9.4269416921233445E-002 -0.23499509182879796     
   1.5773082769588835        8.6043614656867135E-002 -0.21008491305518492     
   1.6152060164394566        7.8514934401184719E-002 -0.18772280461652321     
   1.6540143189841607        7.1627556880544438E-002 -0.16766483591427134     
   1.6937550625494298        6.5329604757217621E-002 -0.14968731801160365     
   1.7344506507499560        5.9572953925733030E-002 -0.13358573689666609     
   1.7761240254885811        5.4313036739717380E-002 -0.11917360517760095     
   1.8187986798896418        4.9508641588091137E-002 -0.10628127429289215     
   1.8624986715431284        4.5121712318141806E-002  -9.4754739417114292E-002
   1.9072486360669596        4.1117150233461144E-002  -8.4454461204054088E-002
   1.9530738009952155        3.7462620755716117E-002  -7.5254222035950072E-002
   1.9999999999999967        3.4128366311902372E-002  -6.7040029277407764E-002
