   9.9999999999999965E-011   9.1481319236476674E-037
   1.0240268437274931E-010   1.0059532096496774E-036
   1.0486309766744958E-010   1.1061732255844354E-036
   1.0738262692788628E-010   1.2163778523847631E-036
   1.0996269252413035E-010   1.3375618259835134E-036
   1.1260474895326245E-010   1.4708189847773822E-036
   1.1531028565933613E-010   1.6173521428982504E-036
   1.1808082787304606E-010   1.7784839471281152E-036
   1.2091793747156481E-010   1.9556688154544205E-036
   1.2382321385904491E-010   2.1505060650269070E-036
   1.2679829486827265E-010   2.3647543480118038E-036
   1.2984485768398528E-010   2.6003475256452390E-036
   1.3296461978837753E-010   2.8594121237696235E-036
   1.3615933992931846E-010   3.1442865274102980E-036
   1.3943081911183887E-010   3.4575420876487459E-036
   1.4278090161343595E-010   3.8020063313075144E-036
   1.4621147602377261E-010   4.1807884829437683E-036
   1.4972447630936196E-010   4.5973075295201214E-036
   1.5332188290382834E-010   5.0553230810707643E-036
   1.5700572382436370E-010   5.5589693059195580E-036
   1.6077807581501368E-010   6.1127922467588199E-036
   1.6464106551742872E-010   6.7217908544122115E-036
   1.6859687066974401E-010   7.3914621096632514E-036
   1.7264772133427099E-010   8.1278506404319817E-036
   1.7679590115467738E-010   8.9376032821546229E-036
   1.8104374864338221E-010   9.8280290738451956E-036
   1.8539365849987703E-010   1.0807165231376375E-035
   1.8984808296072188E-010   1.1883849693472146E-035
   1.9440953318198406E-010   1.3067800895232637E-035
   1.9908058065488256E-010   1.4369705489243436E-035
   2.0386385865545611E-010   1.5801314806067509E-035
   2.0876206372905532E-010   1.7375550924792350E-035
   2.1377795721050238E-010   1.9106623311053658E-035
   2.1891436678078193E-010   2.1010157075342351E-035
   2.2417418806112777E-010   2.3103334009283129E-035
   2.2956038624541023E-010   2.5405047672915078E-035
   2.3507599777175177E-010   2.7936073932834930E-035
   2.4072413203429910E-010   3.0719258490518079E-035
   2.4650797313612373E-010   3.3779723093497313E-035
   2.5243078168424745E-010   3.7145092290718526E-035
   2.5849589662778391E-010   4.0845742778813597E-035
   2.6470673714025802E-010   4.4915077589966405E-035
   2.7106680454714267E-010   4.9389827596249040E-035
   2.7757968429970789E-010   5.4310383051886030E-035
   2.8424904799630498E-010   5.9721158166038202E-035
   2.9107865545220103E-010   6.5670991996814106E-035
   2.9807235681915999E-010   7.2213589285100611E-035
   3.0523409475594070E-010   7.9408005207270983E-035
   3.1256790665094467E-010   8.7319178422274366E-035
   3.2007792689827668E-010   9.6018517224535075E-035
   3.2776838922848286E-010   1.0558454409340540E-034
   3.3564362909528788E-010   1.1610360445704055E-034
   3.4370808611968920E-010   1.2767064606819279E-034
   3.5196630659276409E-010   1.4039007602673544E-034
   3.6042294603861151E-010   1.5437670318462718E-034
   3.6908277183888538E-010   1.6975677443971592E-034
   3.7795066592036844E-010   1.8666911427217806E-034
   3.8703162750713926E-010   2.0526637780939204E-034
   3.9633077593885217E-010   2.2571642872966234E-034
   4.0585335355673124E-010   2.4820385444211073E-034
   4.1560472865891949E-010   2.7293163221915391E-034
   4.2559039852681470E-010   3.0012296132040768E-034
   4.3581599252414016E-010   3.3002327764531253E-034
   4.4628727527046177E-010   3.6290246909914371E-034
   4.5701014989095402E-010   3.9905731166886081E-034
   4.6799066134426238E-010   4.3881414819746247E-034
   4.7923499983030902E-010   4.8253183403602719E-034
   4.9074950427997728E-010   5.3060497616162875E-034
   5.0254066592865724E-010   5.8346749499826700E-034
   5.1461513197563740E-010   6.4159654109054153E-034
   5.2697970933141951E-010   7.0551680198294404E-034
   5.3964136845508740E-010   7.7580523817980012E-034
   5.5260724728384862E-010   8.5309629093353041E-034
   5.6588465525701801E-010   9.3808760886825118E-034
   5.7948107743666696E-010   1.0315463451283326E-033
   5.9340417872727731E-010   1.1343160818915396E-033
   6.0766180819680142E-010   1.2473244447492139E-033
   6.2226200350151219E-010   1.3715914756823097E-033
   6.3721299541720004E-010   1.5082388402101770E-033
   6.5252321247921949E-010   1.6584999518175901E-033
   6.6820128573401977E-010   1.8237311050455628E-033
   6.8425605360486133E-010   2.0054237177360506E-033
   7.0069656687441926E-010   2.2052177929314971E-033
   7.1753209378710210E-010   2.4249167219395239E-033
   7.3477212527398610E-010   2.6665035621790016E-033
   7.5242638030326515E-010   2.9321589367344948E-033
   7.7050481135925534E-010   3.2242807171847062E-033
   7.8901761005306884E-010   3.5455056673671634E-033
   8.0797521286805439E-010   3.8987332434394692E-033
   8.2738830704332344E-010   4.2871517650632334E-033
   8.4726783659861182E-010   4.7142671939365055E-033
   8.6762500850389821E-010   5.1839347794364693E-033
   8.8847129899728973E-010   5.7003938570138194E-033
   9.0981846005466085E-010   6.2683061134350801E-033
   9.3167852601478308E-010   6.8927976642654511E-033
   9.5406382036360499E-010   7.5795053233909977E-033
   9.7698696268153680E-010   8.3346274822194438E-033
   1.0004608757576848E-009   9.1649800578074695E-033
   1.0244987928749896E-009   1.0078058014912313E-032
   1.0491142652704028E-009   1.1082103017279894E-032
   1.0743211697743390E-009   1.2186177818805504E-032
   1.1001337166336489E-009   1.3400248066035204E-032
   1.1265664575225522E-009   1.4735272250375366E-032
   1.1536342937460867E-009   1.6203300621939902E-032
   1.1813524846406013E-009   1.7817583957847389E-032
   1.2097366561761473E-009   1.9592693166739089E-032
   1.2388028097655166E-009   2.1544650809087629E-032
   1.2685673312849326E-009   2.3691075720427087E-032
   1.2990470003115237E-009   2.6051342042906249E-032
   1.3302589995826781E-009   2.8646754100608369E-032
   1.3622209246827429E-009   3.1500738697105786E-032
   1.3949507939624218E-009   3.4639056570957704E-032
   1.4284670586965001E-009   3.8090034917791546E-032
   1.4627886134856732E-009   4.1884823077762756E-032
   1.4979348069082556E-009   4.6057673696269195E-032
   1.5339254524278137E-009   5.0646251895732547E-032
   1.5707808395629215E-009   5.5691975249096720E-032
   1.6085217453252466E-009   6.1240387623696808E-032
   1.6471694459324515E-009   6.7341570269885927E-032
   1.6867457288025787E-009   7.4050593864991287E-032
   1.7272729048365354E-009   8.1428015592808273E-032
   1.7687738209957767E-009   8.9540425745388455E-032
   1.8112718731821303E-009   9.8461048780822028E-032
   1.8547910194270818E-009   1.0827040426227475E-031
   1.8993557933980216E-009   1.1905703364404620E-031
   1.9449913182289054E-009   1.3091829946470794E-031
   1.9917233206833229E-009   1.4396126416101653E-031
   2.0395781456577926E-009   1.5830365643488579E-031
   2.0885827710335237E-009   1.7407493389601459E-031
   2.1387648228850816E-009   1.9141745157177708E-031
   2.1901525910544097E-009   2.1048774683149464E-031
   2.2427750450990389E-009   2.3145795232302518E-031
   2.2966618506235560E-009   2.5451734967509188E-031
   2.3518433860033925E-009   2.7987407798923862E-031
   2.4083507595104352E-009   3.0775701254254775E-031
   2.4662158268501918E-009   3.3841783065859354E-031
   2.5254712091201923E-009   3.7213328339338494E-031
   2.5861503112000076E-009   4.0920769354097721E-031
   2.6482873405830282E-009   4.4997570250597248E-031
   2.7119173266607163E-009   4.9480529083659709E-031
   2.7770761404702851E-009   5.4410109968213743E-031
   2.8438005149167157E-009   5.9830808315447647E-031
   2.9121280654807850E-009   6.5791552456059211E-031
   2.9820973114245507E-009   7.2346145275685029E-031
   3.0537476975063270E-009   7.9553749848766173E-031
   3.1271196162175047E-009   8.7479423454248113E-031
   3.2022544305535537E-009   9.6194704793180967E-031
   3.2791944973321377E-009   1.0577825970851357E-030
   3.3579831910715938E-009   1.1631659123542962E-030
   3.4386649284430331E-009   1.2790482039118530E-030
   3.5212851933099465E-009   1.4064754475193877E-030
   3.6058905623695547E-009   1.5465978256618424E-030
   3.6925287314100516E-009   1.7006801092639270E-030
   3.7812485421989208E-009   1.8701130736953899E-030
   3.8721000100171608E-009   2.0564260521063689E-030
   3.9651343518550692E-009   2.2613007394003152E-030
   4.0604040152856221E-009   2.4865863714404204E-030
   4.1579627080313766E-009   2.7343164164972258E-030
   4.2578654282419926E-009   3.0067269295963594E-030
   4.3601684954990760E-009   3.3062767354328994E-030
   4.4649295825659730E-009   3.6356696220245414E-030
   4.5722077479005482E-009   3.9978787454249469E-030
   4.6820634689490069E-009   4.3961734657743030E-030
   4.7945586762396505E-009   4.8341488569103952E-030
   4.9097567882959593E-009   5.3157581558954162E-030
   5.0277227473883647E-009   5.8453484453474825E-030
   5.1485230561450293E-009   6.4276998906465114E-030
   5.2722258150424424E-009   7.0680688861707425E-030
   5.3989007607965242E-009   7.7722354999997979E-030
   5.5286193056764480E-009   8.5465556453228110E-030
   5.6614545777627402E-009   9.3980184494469808E-030
   5.7974814621729481E-009   1.0334309338221544E-029
   5.9367766432776392E-009   1.1363879405272970E-029
   6.0794186479307048E-009   1.2496021692176759E-029
   6.2254878897385461E-009   1.3740955068069472E-029
   6.3750667143927199E-009   1.5109916465791653E-029
   6.5282394460917801E-009   1.6615262307081565E-029
   6.6850924350786863E-009   1.8270580032279176E-029
   6.8457141063201955E-009   2.0090810741196469E-029
   7.0101950093558483E-009   2.2092384052102633E-029
   7.1786278693448964E-009   2.4293366396052532E-029
   7.3511076393395026E-009   2.6713624085044931E-029
   7.5277315538138975E-009   2.9375002625848242E-029
   7.7085991834799055E-009   3.2301523897965145E-029
   7.8938124914192891E-009   3.5519602975433975E-029
   8.0834758905647857E-009   3.9058286549475748E-029
   8.2776963025623480E-009   4.2949515103958125E-029
   8.4765832180476647E-009   4.7228411210032965E-029
   8.6802487583708210E-009   5.1933596542045914E-029
   8.8888077388039666E-009   5.7107540476051390E-029
   9.1023777332679443E-009   6.2796943417328791E-029
   9.3210791406138236E-009   6.9053158316729876E-029
   9.5450352524969515E-009   7.5932654180383149E-029
   9.7743723228821119E-009   8.3497525756306905E-029
   1.0009219639218374E-008   9.1816053998232283E-029
   1.0249709595324033E-008   1.0096332236525665E-028
   1.0495977766023076E-008   1.1102189451991151E-028
   1.0748162983574597E-008   1.2208255954134830E-028
   1.1006407415938575E-008   1.3424515137974406E-028
   1.1270856646922457E-008   1.4761944994810683E-028
   1.1541659758253085E-008   1.6232617198443870E-028
   1.1818969413620576E-008   1.7849806062748291E-028
   1.2102941944741662E-008   1.9628108354022230E-028
   1.2393737439490897E-008   2.1583575039498044E-028
   1.2691519832149176E-008   2.3733856161126660E-028
   1.2996456995820610E-008   2.6098360142214437E-028
   1.3308720837070282E-008   2.8698428964756653E-028
   1.3628487392835454E-008   3.1557530798542575E-028
   1.3955936929665229E-008   3.4701471820624731E-028
   1.4291254045345051E-008   3.8158629136948173E-028
   1.4634627772962519E-008   4.1960206908378369E-028
   1.4986251687473526E-008   4.6140517992805165E-028
   1.5346324014829338E-008   5.0737293645294625E-028
   1.5715047743725180E-008   5.5792024071476872E-028
   1.6092630740033765E-008   6.1350332907832522E-028
   1.6479285863988816E-008   6.7462389008742895E-028
   1.6875231090183626E-008   7.4183359256851628E-028
   1.7280689630452871E-008   8.1573906483548954E-028
   1.7695890059707081E-008   8.9700736993514934E-028
   1.8121066444790568E-008   9.8637202634938963E-028
   1.8556458476435146E-008   1.0846396284930956E-027
   1.9002311604384173E-008   1.1926971267600122E-027
   1.9458877175763849E-008   1.3115198328214598E-027
   1.9926412576778491E-008   1.4421802224278325E-027
   2.0405181377810309E-008   1.5858576151606225E-027
   2.0895453482006119E-008   1.7438488184973616E-027
   2.1397505277433468E-008   1.9175798322541648E-027
   2.1911619792892579E-008   2.1086187190409330E-027
   2.2438086857472664E-008   2.3186897568875550E-027
   2.2977203263941167E-008   2.5496890017701600E-027
   2.3529272936058736E-008   2.8037014004912682E-027
   2.4094607099914963E-008   3.0830196083594691E-027
   2.4673524459380064E-008   3.3901646814988165E-027
   2.5266351375772167E-008   3.7279088305369831E-027
   2.5873422051841786E-008   4.0993004410245122E-027
   2.6495078720176874E-008   4.5076915863937287E-027
   2.7131671836134299E-008   4.9567682817598817E-027
   2.7783560275406736E-008   5.4505837516025501E-027
   2.8451111536337332E-008   5.9935950115647968E-027
   2.9134701947094501E-008   6.5907030945140729E-027
   2.9834716877824445E-008   7.2472972838978853E-027
   3.0551550957901947E-008   7.9693037535913126E-027
   3.1285608298400119E-008   8.7632390531969827E-027
   3.2037302719905353E-008   9.6362689214868941E-027
   3.2807057985806927E-008   1.0596272958759327E-026
   3.3595308041190845E-008   1.1651915741752521E-026
   3.4402497257473547E-008   1.2812725022899053E-026
   3.5229080682914387E-008   1.4089177719635291E-026
   3.6075524299146161E-008   1.5492794469774685E-026
   3.6942305283869277E-008   1.7036243606257627E-026
   3.7829912279858164E-008   1.8733455489590850E-026
   3.8738845670431105E-008   2.0599748229755246E-026
   3.9669617861538179E-008   2.2651965932136766E-026
   4.0622753570626744E-008   2.4908630715052241E-026
   4.1598790122448671E-008   2.7390109870715416E-026
   4.2598277751973703E-008   3.0118799678130792E-026
   4.3621779914580739E-008   3.3119327526670064E-026
   4.4669873603703488E-008   3.6418774174317084E-026
   4.5743149676106720E-008   4.0046918146241006E-026
   4.6842213184977883E-008   4.4036504479148208E-026
   4.7967683721023288E-008   4.8423540236549853E-026
   4.9120195761758321E-008   5.3247619461626566E-026
   5.0300399029189978E-008   5.8552280500009094E-026
   5.1508958856094898E-008   6.4385398916876338E-026
   5.2746556561096369E-008   7.0799619553922205E-026
   5.4013889832753425E-008   7.7852831624921507E-026
   5.5311673122879041E-008   8.5608691136957317E-026
   5.6640638049308661E-008   9.4137195351379471E-026
   5.8001533808345133E-008   1.0351531446810108E-025
   5.9395127597113177E-008   1.1382768623316005E-025
   6.0822205046063547E-008   1.2516737973721348E-025
   6.2283570661867117E-008   1.3763673529687313E-025
   6.3780048280950090E-008   1.5134828799727108E-025
   6.5312481533928470E-008   1.6642578322908349E-025
   6.6881734321199226E-008   1.8300529338317116E-025
   6.8488691299958417E-008   2.0123644577871300E-025
   7.0134258382923062E-008   2.2128377290426691E-025
   7.1819363249033466E-008   2.4332819715462565E-025
   7.3544955866426081E-008   2.6756866345979546E-025
   7.5312009027974109E-008   2.9422393453668926E-025
   7.7121518899693097E-008   3.2353456496115001E-025
   7.8974505582323248E-008   3.5576507187123516E-025
   8.0872013686405793E-008   3.9120632188657989E-025
   8.2815112921176785E-008   4.3017815577916744E-025
   8.4804898697608935E-008   4.7303227457561628E-025
   8.6842492745942307E-008   5.2015541312951238E-025
   8.8929043748055055E-008   5.7197282979563021E-025
   9.1065727985025327E-008   6.2895214368916434E-025
   9.3253750000251968E-008   6.9160755414873214E-025
   9.5494343278510781E-008   7.6050448046959032E-025
   9.7788770941323519E-008   8.3626466376430712E-025
   1.0013832645903436E-007   9.1957177697680632E-025
   1.0254433437999832E-007   1.0111775936593737E-024
   1.0500815107728676E-007   1.1119087711619152E-024
   1.0753116551333376E-007   1.2226743094248787E-024
   1.1011480002295787E-007   1.3444737526610879E-024
   1.1276051111519408E-007   1.4784062079117161E-024
   1.1546979029439135E-007   1.6256802618297304E-024
   1.1824416490104135E-007   1.7876248851453850E-024
   1.2108519897280665E-007   1.9657014231757912E-024
   1.2399449412623897E-007   2.1615167805359952E-024
   1.2697369045967993E-007   2.3768379189785158E-024
   1.3002446747785782E-007   2.6136077991311660E-024
   1.3314854503869910E-007   2.8739629099241066E-024
   1.3634768432288731E-007   3.1602525438149049E-024
   1.3962368882671918E-007   3.4750599916641944E-024
   1.4297840537881519E-007   3.8212258484247987E-024
   1.4641372518125823E-007   4.2018736398416101E-024
   1.4993158487574876E-007   4.6204380012888000E-024
   1.5353396763537409E-007   5.0806956628831023E-024
   1.5722290428261127E-007   5.5867995203162957E-024
   1.6100047443419253E-007   6.1433160986723572E-024
   1.6486880767347548E-007   6.7552667470865314E-024
   1.6883008475098457E-007   7.4281729357424823E-024
   1.7288653881379627E-007   8.1681060636888320E-024
   1.7704045666446261E-007   8.9817422266244855E-024
   1.8129418005018405E-007   9.8764224385187732E-024
   1.8565010698295425E-007   1.0860218850097675E-023
   1.9011069309142614E-007   1.1942007561290441E-023
   1.9467845300525967E-007   1.3131548684171193E-023
   1.9935596177272761E-007   1.4439574378287200E-023
   2.0414585631238547E-007   1.5877885652131634E-023
   2.0905083689961887E-007   1.7459458803530827E-023
   2.1407366868890775E-007   1.9198562458597139E-023
   2.1921718327266777E-007   2.1110886264424804E-023
   2.2448428027754186E-007   2.3213682395736208E-023
   2.2987792899904920E-007   2.5525921151175105E-023
   2.3540117007550964E-007   2.8068462041918263E-023
   2.4105711720218347E-007   3.0864241914888868E-023
   2.4684895888660087E-007   3.3938481806366977E-023
   2.5277996024606416E-007   3.7318914390567228E-023
   2.5885346484833837E-007   4.1036034073332545E-023
   2.6507289659657012E-007   4.5123371985134608E-023
   2.7144176165949041E-007   4.9617798351906678E-023
   2.7796365044799857E-007   5.4559854968907390E-023
   2.8464223963923677E-007   5.9994120774009825E-023
   2.9148129424929302E-007   6.5969613814993496E-023
   2.9848466975570883E-007   7.2540233233277075E-023
   3.0565631427098233E-007   7.9765245246982259E-023
   3.1300027076829285E-007   8.7709817512548727E-023
   3.2052067936070638E-007   9.6445606679868645E-023
   3.2822177963513670E-007   1.0605140443498848E-022
   3.3610791304238999E-007   1.1661384785118890E-022
   3.4418352534463407E-007   1.2822820044837499E-022
   3.5245316912166804E-007   1.4099921099744368E-022
   3.6092150633741482E-007   1.5504205780637547E-022
   3.6959331096807613E-007   1.7048338699446307E-022
   3.7847347169343302E-007   1.8746245410732676E-022
   3.8756699465281377E-007   2.0613237935575112E-022
   3.9687900626727197E-007   2.2666152778424316E-022
   4.0641475612957867E-007   2.4923502679986102E-022
   4.1617961996365218E-007   2.7405643472824714E-022
   4.2617910265508723E-007   3.0134957542314665E-022
   4.3641884135450522E-007   3.3136055545023384E-022
   4.4690460865546453E-007   3.6435998200908787E-022
   4.5764231584872600E-007   4.0064540156360051E-022
   4.6863801625471244E-007   4.4054398113706598E-022
   4.7989790863602781E-007   4.8441545641154106E-022
   4.9142834069197665E-007   5.3265537317152688E-022
   5.0323581263704512E-007   5.8569865127091362E-022
   5.1532698086535459E-007   6.4402350320333964E-022
   5.2770866170316844E-007   7.0815574254574039E-022
   5.4038783525155615E-007   7.7867352105122844E-022
   5.5337164932138382E-007   8.5621253702240031E-022
   5.6666742346285512E-007   9.4147176183408879E-022
   5.8028265309185950E-007   1.0352197361334075E-021
   5.9422501371547302E-007   1.1383014923669109E-021
   6.0850236525898348E-007   1.2516461659151341E-021
   6.2312275649687236E-007   1.3762753633045630E-021
   6.3809442959026888E-007   1.5133123627720343E-021
   6.5342582473341951E-007   1.6639922299367149E-021
   6.6912558491179797E-007   1.8296729395583710E-021
   6.8520256077454269E-007   2.0118476034005934E-021
   7.0166581562395228E-007   2.2121579141549634E-021
   7.1852463052487325E-007   2.4324089263067685E-021
   7.3578850953685069E-007   2.6745853068313394E-021
   7.5346718507197942E-007   2.9408692018107993E-021
   7.7157062338149962E-007   3.2336598795727275E-021
   7.9010903017421308E-007   3.5555953269030975E-021
   8.0909285636989043E-007   3.9095759924206590E-021
   8.2853280399092264E-007   4.2987908904745945E-021
   8.4843983219551603E-007   4.7267463001137121E-021
   8.6882516345585858E-007   5.1972973169654675E-021
   8.8970028988472805E-007   5.7146825414618844E-021
   9.1107697971409576E-007   6.2835622149883221E-021
   9.3296728392940480E-007   6.9090601464614271E-021
   9.5538354306324235E-007   7.5968098058392198E-021
   9.7833839415224206E-007   8.3530049984349628E-021
   1.0018447778611468E-006   9.1844555749806045E-021
   1.0259159457780238E-006   1.0098648677530105E-020
   1.0505654678847760E-006   1.1103816070915964E-020
   1.0758072402071467E-006   1.2209008164010206E-020
   1.1016554926485118E-006   1.3424175384985142E-020
   1.1281247970119147E-006   1.4760257640656366E-020
   1.1552300752148322E-006   1.6229282662399997E-020
   1.1829866077013197E-006   1.7844474120724408E-020
   1.2114100420562792E-006   1.9620370478045849E-020
   1.2405164018266839E-006   2.1572955645348662E-020
   1.2703220955547663E-006   2.3719802614065644E-020
   1.3008439260282452E-006   2.6080231350625973E-020
   1.3320990997527873E-006   2.8675482368723700E-020
   1.3641052366520846E-006   3.1528907534605107E-020
   1.3968803800009825E-006   3.4666179814785148E-020
   1.4304430065972677E-006   3.8115523844975167E-020
   1.4648120371778690E-006   4.1907969385129793E-020
   1.5000068470852958E-006   4.6077629930052402E-020
   1.5360472771903845E-006   5.0662008969772763E-020
   1.5729536450774827E-006   5.5702336640895560E-020
   1.6107467564983534E-006   6.1243939781528134E-020
   1.6494479171013095E-006   6.7336648700646901E-020
   1.6890789444421454E-006   7.4035244300464485E-020
   1.7296621802836565E-006   8.1399949550465807E-020
   1.7712205031906909E-006   8.9496969707457484E-020
   1.8137773414277893E-006   9.8399086110715135E-020
   1.8573566861667435E-006   1.0818630885902708E-019
   1.9019831050114904E-006   1.1894659420126650E-019
   1.9476817558479380E-006   1.3077663304878632E-019
   1.9944784010265901E-006   1.4378271765152125E-019
   2.0423994218859207E-006   1.5808169417574892E-019
   2.0914718336246970E-006   1.7380200968622057E-019
   2.1417233005316559E-006   1.9108486287555442E-019
   2.1931821515810652E-006   2.1008546880676882E-019
   2.2458773964030315E-006   2.3097444894887527E-019
   2.2998387416375217E-006   2.5393935889934237E-019
   2.3550966076812857E-006   2.7918636741091054E-019
   2.4116821458371985E-006   3.0694210168449774E-019
   2.4696272558756194E-006   3.3745567536643369E-019
   2.5289646040177019E-006   3.7100091731024698E-019
   2.5897276413508023E-006   4.0787882094476389E-019
   2.6519506226863131E-006   4.4842023604709226E-019
   2.7156686258706263E-006   4.9298882686843710E-019
   2.7809175715600821E-006   5.4198432292129681E-019
   2.8477342434710021E-006   5.9584609132926170E-019
   2.9161563091163170E-006   6.5505706248822482E-019
   2.9862223410404042E-006   7.2014804391489175E-019
   3.0579718385641323E-006   7.9170246059285622E-019
   3.1314452500523943E-006   8.7036156389795839E-019
   3.2066839957166108E-006   9.5683015532611691E-019
   3.2837304909651482E-006   1.0518828757948323E-018
   3.3626281703147796E-006   1.1563711162832914E-018
   3.4434215118766064E-006   1.2712306110593157E-018
   3.5261560624303616E-006   1.3974897807623608E-018
   3.6108784631011361E-006   1.5362788992219147E-018
   3.6976364756530394E-006   1.6888401651485745E-018
   3.7864790094146413E-006   1.8565387678031058E-018
   3.8774561488512888E-006   2.0408750444962166E-018
   3.9706191817999470E-006   2.2434978373751571E-018
   4.0660206283824502E-006   2.4662191674947942E-018
   4.1637142706133678E-006   2.7110303557423808E-018
   4.2637551827193376E-006   2.9801197328876310E-018
   4.3661997621868330E-006   3.2758920949709209E-018
   4.4711057615559157E-006   3.6009900755448030E-018
   4.5785323209779239E-006   3.9583176230783772E-018
   4.6885400015553477E-006   4.3510657902650353E-018
   4.8011908194828203E-006   4.7827410622017879E-018
   4.9165482810084191E-006   5.2571964726044156E-018
   5.0346774182348944E-006   5.7786657815792492E-018
   5.1556448257811741E-006   6.3518010151992048E-018
   5.2795186983246879E-006   6.9817136964547235E-018
   5.4063688690457153E-006   7.6740201293239867E-018
   5.5362668489954728E-006   8.4348911330039464E-018
   5.6692858674100001E-006   9.2711066620654893E-018
   5.8055009129927477E-006   1.0190115790775769E-017
   5.9449887761890567E-006   1.1200102586424635E-017
   6.0878280924762648E-006   1.2310058447600514E-017
   6.2340993866940481E-006   1.3529861539419175E-017
   6.3838851184398206E-006   1.4870364019184776E-017
   6.5372697285548459E-006   1.6343487813386355E-017
   6.6943396867273190E-006   1.7962329780867336E-017
   6.8551835402390869E-006   1.9741277178076504E-017
   7.0198919638836969E-006   2.1696134431204885E-017
   7.1885578110838313E-006   2.3844262317472266E-017
   7.3612761662368087E-006   2.6204730764674708E-017
   7.5381443983179162E-006   2.8798486595242907E-017
   7.7192622157715960E-006   3.1648537669452929E-017
   7.9047317227214861E-006   3.4780155023169650E-017
   8.0946574765310898E-006   3.8221094749752849E-017
   8.2891465467473033E-006   4.2001841544795995E-017
   8.4883085754602946E-006   4.6155876017624618E-017
   8.6922558391136381E-006   5.0719968076465235E-017
   8.9011033117994297E-006   5.5734498916604476E-017
   9.1149687300743270E-006   6.1243814384540978E-017
   9.3339726593328288E-006   6.7296612758063751E-017
   9.5582385617753170E-006   7.3946370274613043E-017
   9.7878928660092124E-006   8.1251808060563557E-017
   1.0023065038322281E-005   8.9277404464848907E-017
   1.0263887655668555E-005   9.8093957184513654E-017
   1.0510496480407873E-005   1.0777919999042765E-016
   1.0763030536841022E-005   1.1841847932198895E-016
   1.1021632189583962E-005   1.3010549652392816E-016
   1.1286447223825029E-005   1.4294312205033690E-016
   1.1557624927510476E-005   1.5704428856532512E-016
   1.1835318175504775E-005   1.7253297053108224E-016
   1.2119683515772814E-005   1.8954525859790245E-016
   1.2410881257632967E-005   2.0823053790280905E-016
   1.2709075562130615E-005   2.2875278025002420E-016
   1.3014434534582857E-005   2.5129196109465690E-016
   1.3327130319346998E-005   2.7604561328822619E-016
   1.3647339196865914E-005   3.0323053067908894E-016
   1.3975241683045109E-005   3.3308463590166647E-016
   1.4311022631017614E-005   3.6586902804524187E-016
   1.4654871335353723E-005   4.0187022737672951E-016
   1.5006981638774791E-005   4.4140263591397937E-016
   1.5367552041431025E-005   4.8481123441936382E-016
   1.5736785812804641E-005   5.3247453832156868E-016
   1.6114891106301963E-005   5.8480783719188358E-016
   1.6502081076598687E-005   6.4226674471594339E-016
   1.6898573999804552E-005   7.0535108863107154E-016
   1.7304593396515372E-005   7.7460917286244779E-016
   1.7720368157821296E-005   8.5064244710936230E-016
   1.8146132674342919E-005   9.3411062242933876E-016
   1.8582126968367755E-005   1.0257372749675394E-015
   1.9028596829161204E-005   1.1263159839092539E-015
   1.9485793951528973E-005   1.2367170540244363E-015
   1.9953976077708534E-005   1.3578948778569163E-015
   2.0433407142669780E-005   1.4908959977229031E-015
   2.0924357422906998E-005   1.6368679332619038E-015
   2.1427103688805439E-005   1.7970688463692606E-015
   2.1941929360669170E-005   1.9728781219796214E-015
   2.2469124668497708E-005   2.1658079504124291E-015
   2.3008986815601314E-005   2.3775160048885710E-015
   2.3561820146147769E-005   2.6098193164394270E-015
   2.4127936316734613E-005   2.8647094578179674E-015
   2.4707654472083711E-005   3.1443691582557800E-015
   2.5301301424957420E-005   3.4511904820633902E-015
   2.5909211840397128E-005   3.7877947162245376E-015
   2.6531728424388872E-005   4.1570541253766748E-015
   2.7169202117062013E-005   4.5621157469928236E-015
   2.7821992290529398E-005   5.0064274152881859E-015
   2.8490466951481527E-005   5.4937662194806156E-015
   2.9175002948648146E-005   6.0282696206555344E-015
   2.9875986185244478E-005   6.6144694717569909E-015
   3.0593811836522158E-005   7.2573292072874892E-015
   3.1328884572546670E-005   7.9622844933028838E-015
   3.2081618786327936E-005   8.7352876544051559E-015
   3.2852438827432118E-005   9.5828562228396172E-015
   3.3641779241205930E-005   1.0512125985693783E-014
   3.4450085013749279E-005   1.1530908939783573E-014
   3.5277811822773564E-005   1.2647756600322318E-014
   3.6125426294487270E-005   1.3872029149152618E-014
   3.6993406266654063E-005   1.5213970951443267E-014
   3.7882241057970711E-005   1.6684793016601565E-014
   3.8792431743917816E-005   1.8296763030042560E-014
   3.9724491439238453E-005   2.0063303637721830E-014
   4.0678945587203264E-005   2.1999099725343481E-014
   4.1656332255826289E-005   2.4120215499301127E-014
   4.2657202441197650E-005   2.6444222247107541E-014
   4.3682120378104362E-005   2.8990337731791155E-014
   4.4731663858114716E-005   3.1779578257972471E-014
   4.5806424555304488E-005   3.4834924537614063E-014
   4.6907008359810013E-005   3.8181502581352454E-014
   4.8034035719395487E-005   4.1846780947472969E-014
   4.9188141989226330E-005   4.5860785795663780E-014
   5.0369977790047326E-005   5.0256335317411484E-014
   5.1580209374966201E-005   5.5069295250035510E-014
   5.2819519005049912E-005   6.0338857327769115E-014
   5.4088605333945717E-005   6.6107842681874736E-014
   5.5388183801742603E-005   7.2423032373496601E-014
   5.6718987038296766E-005   7.9335527428893447E-014
   5.8081765276247755E-005   8.6901140947940106E-014
   5.9477286773957228E-005   9.5180825074597061E-014
   6.0906338248610527E-005   1.0424113585373897E-013
   6.2369725319723864E-005   1.1415473925368094E-013
   6.3868272963307562E-005   1.2500096190951686E-013
   6.5402825976941975E-005   1.3686639044060104E-013
   6.6974249456026527E-005   1.4984552351790815E-013
   6.8583429281472651E-005   1.6404148120557130E-013
   7.0231272619114321E-005   1.7956677647754773E-013
   7.1918708431116909E-005   1.9654415421739377E-013
   7.3646687999674653E-005   2.1510750344889672E-013
   7.5416185463290448E-005   2.3540284902026274E-013
   7.7228198365940603E-005   2.5758942947755858E-013
   7.9083748219435060E-005   2.8184086841700920E-013
   8.0983881079288027E-005   3.0834644720370374E-013
   8.2929668134425991E-005   3.3731248758977331E-013
   8.4922206311064896E-005   3.6896385346168728E-013
   8.6962618891094973E-005   4.0354558169793679E-013
   8.9052056145325057E-005   4.4132465292940363E-013
   9.1191695981940917E-005   4.8259191386939847E-013
   9.3382744610544116E-005   5.2766416382385539E-013
   9.5626437222146274E-005   5.7688641900956793E-013
   9.7924038685499919E-005   6.3063436940526801E-013
   1.0027684426016146E-004   6.8931704404304362E-013
   1.0268618032668676E-004   7.5337970192222870E-013
   1.0515340513436947E-004   8.2330696710171643E-013
   1.0767990956694697E-004   8.9962622800728571E-013
   1.1026711792670283E-004   9.8291132258552508E-013
   1.1291648873740882E-004   1.0737865326546270E-012
   1.1562951556656004E-004   1.1729309126536589E-012
   1.1840772786736376E-004   1.2810829799857319E-012
   1.2125269184096049E-004   1.3990457962982932E-012
   1.2416601131936140E-004   1.5276924713561758E-012
   1.2714932866959811E-004   1.6679721236530562E-012
   1.3020432571959851E-004   1.8209163345882315E-012
   1.3333272470630720E-004   1.9876461359215020E-012
   1.3653628924658657E-004   2.1693795733259657E-012
   1.3981682533144641E-004   2.3674398922026238E-012
   1.4317618234415959E-004   2.5832643955196176E-012
   1.4661625410284182E-004   2.8184140273127039E-012
   1.5013897992808154E-004   3.0745837396513507E-012
   1.5374634573621913E-004   3.3536137053598557E-012
   1.5744038515889673E-004   3.6575014436091716E-012
   1.6122318068950624E-004   3.9884149306863529E-012
   1.6509686485718244E-004   4.3487067738346662E-012
   1.6906362142900540E-004   4.7409295320662193E-012
   1.7312568664108453E-004   5.1678522743120920E-012
   1.7728535045922491E-004   5.6324784722284063E-012
   1.8154495786988295E-004   6.1380653324545796E-012
   1.8590691020213735E-004   6.6881446811625853E-012
   1.9037366648142561E-004   7.2865455223875957E-012
   1.9494774481580514E-004   7.9374184009322792E-012
   1.9963172381552179E-004   8.6452617106419811E-012
   2.0442824404668785E-004   9.4149500996066878E-012
   2.0934000951988390E-004   1.0251765135413485E-011
   2.1436978921453016E-004   1.1161428406014966E-011
   2.1952041863988381E-004   1.2150137245153264E-011
   2.2479480143353865E-004   1.3224603285661677E-011
   2.3019591099833562E-004   1.4392094059431127E-011
   2.3572679217860108E-004   1.5660477879451886E-011
   2.4139056297665967E-004   1.7038272257217018E-011
   2.4719041631059201E-004   1.8534696127991833E-011
   2.5312962181422109E-004   2.0159726177110211E-011
   2.5921152768035093E-004   2.1924157582672818E-011
   2.6543956254829209E-004   2.3839669513896003E-011
   2.7181723743673460E-004   2.5918895750025546E-011
   2.7834814772306657E-004   2.8175500812324746E-011
   2.8503597517024647E-004   3.0624262031300926E-011
   2.9188449000237571E-004   3.3281158003217691E-011
   2.9889755303014247E-004   3.6163463924208953E-011
   3.0607911782732847E-004   3.9289854327142760E-011
   3.1343323295961477E-004   4.2680513785981558E-011
   3.2096404426693904E-004   4.6357256194934289E-011
   3.2867579720068573E-004   5.0343653275434955E-011
   3.3657283921703656E-004   5.4665173013149970E-011
   3.4465962222782372E-004   5.9349328780041483E-011
   3.5294070511026856E-004   6.4425839953307173E-011
   3.6142075627702505E-004   6.9926804904046411E-011
   3.7010455630796628E-004   7.5886887294083842E-011
   3.7899700064521116E-004   8.2343516689883311E-011
   3.8810310235290311E-004   8.9337104578229331E-011
   3.9742799494329241E-004   9.6911276949758496E-011
   4.0697693527072672E-004   1.0511312470392033E-010
   4.1675530649517146E-004   1.1399347322294995E-010
   4.2676862111693464E-004   1.2360717256346667E-010
   4.3702252408430988E-004   1.3401340982287768E-010
   4.4752279597587918E-004   1.4527604535441339E-010
   4.5827535625928261E-004   1.5746397463000024E-010
   4.6928626662828669E-004   1.7065151768485381E-010
   4.8056173442002421E-004   1.8491883822241626E-010
   4.9210811611434828E-004   2.0035239461380695E-010
   5.0393192091725987E-004   2.1704542519302860E-010
   5.1603981443043448E-004   2.3509847042874348E-010
   5.2843862240892030E-004   2.5461993474636240E-010
   5.4113533460911232E-004   2.7572669098143561E-010
   5.5413710872919038E-004   2.9854473066809208E-010
   5.6745127444423271E-004   3.2320986360553689E-010
   5.8108533753827246E-004   3.4986847040267226E-010
   5.9504698413564343E-004   3.7867831197718174E-010
   6.0934408503398793E-004   4.0980940028211498E-010
   6.2398470014137202E-004   4.4344493485185881E-010
   6.3897708302001685E-004   4.7978231010189503E-010
   6.5432968553918959E-004   5.1903419868470622E-010
   6.7005116263989977E-004   5.6142971659959635E-010
   6.8615037721407514E-004   6.0721567617881898E-010
   7.0263640510095980E-004   6.5665793352869435E-010
   7.1951854020356964E-004   7.1004283749463225E-010
   7.3680629972807635E-004   7.6767878774542873E-010
   7.5450942954907567E-004   8.2989791013795190E-010
   7.7263790970377299E-004   8.9705785813103564E-010
   7.9120196001816420E-004   9.6954374967007229E-010
   8.1021204586840720E-004   1.0477702496651983E-009
   8.2967888408062179E-004   1.1321838089392154E-009
   8.4961344897242959E-004   1.2232650713304861E-009
   8.7002697853966855E-004   1.3215314615055123E-009
   8.9093098079174606E-004   1.4275399669694976E-009
   9.1233724023921192E-004   1.5418901287662577E-009
   9.3425782453721549E-004   1.6652272564363428E-009
   9.5670509128855925E-004   1.7982458839593256E-009
   9.7969169501024682E-004   1.9416934846499283E-009
   1.0032305942673850E-003   2.0963744643122707E-009
   1.0273350589784880E-003   2.2631544533913977E-009
   1.0520186778963394E-003   2.4429649204021070E-009
   1.0772953662685628E-003   2.6368081305692949E-009
   1.1031793736822506E-003   2.8457624753922452E-009
   1.1296852920971083E-003   3.0709882007547818E-009
   1.1568280640715774E-003   3.3137335632531624E-009
   1.1846229911866041E-003   3.5753414466171831E-009
   1.2130857426718448E-003   3.8572564724661908E-009
   1.2422323642390719E-003   4.1610326421816341E-009
   1.2720792871278787E-003   4.4883415494095179E-009
   1.3026433373686864E-003   4.8409812056358213E-009
   1.3339417452683045E-003   5.2208855244280679E-009
   1.3659921551234509E-003   5.6301345133189103E-009
   1.3988126351675840E-003   6.0709652259381373E-009
   1.4324216877567991E-003   6.5457835309042915E-009
   1.4668382598004095E-003   7.0571767581746133E-009
   1.5020817534421424E-003   7.6079272880548115E-009
   1.5381720369980164E-003   8.2010271529046030E-009
   1.5751294561569737E-003   8.8396937267648250E-009
   1.6129748454506291E-003   9.5273865837102270E-009
   1.6517295399986495E-003   1.0267825611721636E-008
   1.6914153875362879E-003   1.1065010475301069E-008
   1.7320547607309002E-003   1.1923241526964109E-008
   1.7736705697944490E-003   1.2847142275164709E-008
   1.8162862753989546E-003   1.3841683524171859E-008
   1.8599259019023567E-003   1.4912209309983395E-008
   1.9046140508920889E-003   1.6064464765546955E-008
   1.9503759150540615E-003   1.7304626058434945E-008
   1.9972372923749396E-003   1.8639332554723524E-008
   2.0452246006855547E-003   2.0075721374206471E-008
   2.0943648925538520E-003   2.1621464514314211E-008
   2.1446858705355997E-003   2.3284808733232388E-008
   2.1962159027915222E-003   2.5074618396826113E-008
   2.2489840390797302E-003   2.7000421509126701E-008
   2.3030200271323344E-003   2.9072459162400427E-008
   2.3583543294255307E-003   3.1301738660297791E-008
   2.4150181403526957E-003   3.3700090586349127E-008
   2.4730434038100209E-003   3.6280230110217209E-008
   2.5324628312046729E-003   3.9055822845768365E-008
   2.5933099198957228E-003   4.2041555598271104E-008
   2.6556189720780160E-003   4.5253212362979244E-008
   2.7194251141199016E-003   4.8707755964189012E-008
   2.7847643163654914E-003   5.2423415752627594E-008
   2.8516734134127059E-003   5.6419781809965725E-008
   2.9201901248786313E-003   6.0717906142455872E-008
   2.9903530766636601E-003   6.5340411381339219E-008
   3.0622018227266872E-003   7.0311607545994412E-008
   3.1357768673833985E-003   7.5657617466898975E-008
   3.2111196881403083E-003   8.1406511509663253E-008
   3.2882727590775335E-003   8.7588452288838065E-008
   3.3672795747932754E-003   9.4235850111114493E-008
   3.4481846749236144E-003   1.0138352994226362E-007
   3.5310336692515420E-003   1.0906891075092085E-007
   3.6158732634191800E-003   1.1733219814538416E-007
   3.7027512852577747E-003   1.2621659128738104E-007
   3.7917167117504525E-003   1.3576850513953066E-007
   3.8828196966426065E-003   1.4603780918132664E-007
   3.9761115987158721E-003   1.5707808381245670E-007
   4.0716450107413076E-003   1.6894689575232675E-007
   4.1694737891282176E-003   1.8170609384148164E-007
   4.2696530842854970E-003   1.9542212675456011E-007
   4.3722393717122348E-003   2.1016638424597341E-007
   4.4772904838355594E-003   2.2601556366945896E-007
   4.5848656426132868E-003   2.4305206364128273E-007
   4.6950254929199109E-003   2.6136440685515933E-007
   4.8078321367348957E-003   2.8104769420541750E-007
   4.9233491681522634E-003   3.0220409253428685E-007
   5.0416417092313433E-003   3.2494335849043991E-007
   5.1627764467090586E-003   3.4938340116978619E-007
   5.2868216695941403E-003   3.7565088640685818E-007
   5.4138473076646050E-003   4.0388188579722095E-007
   5.5439249708903937E-003   4.3422257375905364E-007
   5.6771279898029268E-003   4.6682997618639518E-007
   5.8135314568349009E-003   5.0187277450935504E-007
   5.9532122686531625E-003   5.3953216925832397E-007
   6.0962491695086890E-003   5.8000280753215657E-007
   6.2427227956283584E-003   6.2349377909550945E-007
   6.3927157206729824E-003   6.7022968617948645E-007
   6.5463125022878835E-003   7.2045179243507218E-007
   6.7035997297717155E-003   7.7441925689118679E-007
   6.8646660728906087E-003   8.3241045920184700E-007
   7.0296023318653783E-003   8.9472442293133004E-007
   7.1985014885595578E-003   9.6168234412470691E-007
   7.3714587588973078E-003   1.0336292329468453E-006
   7.5485716465409965E-003   1.1109356767481063E-006
   7.7299399978582534E-003   1.1939997335322655E-006
   7.9156660582096958E-003   1.2832489654656065E-006
   8.1058545295893542E-003   1.3791426227784045E-006
   8.3006126296495918E-003   1.4821739891743077E-006
   8.5000501521446427E-003   1.5928729006851459E-006
   8.7042795288261102E-003   1.7118084507898595E-006
   8.9134158928256355E-003   1.8395918955638011E-006
   9.1275771435607479E-003   1.9768797736417586E-006
   9.3468840131997240E-003   2.1243772568695386E-006
   9.5714601347238817E-003   2.2828417486927923E-006
   9.8014321116248609E-003   2.4530867485901385E-006
   1.0036929589276508E-002   2.6359860022107643E-006
   1.0278085328021911E-002   2.8324779583291073E-006
   1.0525035278016175E-002   3.0435705552881343E-006
   1.0777918655867426E-002   3.2703463612781476E-006
   1.1036878023119590E-002   3.5139680945967095E-006
   1.1302059366620532E-002   3.7756845519657024E-006
   1.1573612180821180E-002   4.0568369750562623E-006
   1.1851689552052427E-002   4.3588658875997031E-006
   1.2136448244826358E-002   4.6833184378526763E-006
   1.2428048790211615E-002   5.0318562837553094E-006
   1.2726655576331739E-002   5.4062640608766510E-006
   1.3032436941037897E-002   5.8084584762047381E-006
   1.3345565266808676E-002   6.2404980740192262E-006
   1.3666217077929354E-002   6.7045937234974755E-006
   1.3994573140006765E-002   7.2031198813756864E-006
   1.4330818561874738E-002   7.7386266869215366E-006
   1.4675142899947966E-002   8.3138529507057368E-006
   1.5027740265083652E-002   8.9317401032017563E-006
   1.5388809432010233E-002   9.5954471741171259E-006
   1.5758553951385323E-002   1.0308366878598809E-005
   1.6137182264546534E-002   1.1074142892078982E-005
   1.6524907821018932E-002   1.1896688401563534E-005
   1.6921949198845789E-002   1.2780206027652973E-005
   1.7328530227811105E-002   1.3729209218549581E-005
   1.7744880115621867E-002   1.4748545224778025E-005
   1.8171233577123021E-002   1.5843419771383693E-005
   1.8607830966616407E-002   1.7019423552988700E-005
   1.9054918413358914E-002   1.8282560686349995E-005
   1.9512747960316899E-002   1.9639279265008006E-005
   1.9981577706253400E-002   2.1096504171285672E-005
   2.0461671951230321E-002   2.2661672312374276E-005
   2.0953301345605843E-002   2.4342770459544452E-005
   2.1456743042611796E-002   2.6148375882750040E-005
   2.1972280854597612E-002   2.8087699987090939E-005
   2.2500205413027708E-002   3.0170635172841892E-005
   2.3040814332323030E-002   3.2407805157132213E-005
   2.3594412377639949E-002   3.4810619012945002E-005
   2.4161311636679627E-002   3.7391329199975366E-005
   2.4741831695625400E-002   4.0163093882168805E-005
   2.5336299819308229E-002   4.3140043848533769E-005
   2.5945051135699670E-002   4.6337354377186843E-005
   2.6568428824838956E-002   4.9771322407715510E-005
   2.7206784312298494E-002   5.3459449413878729E-005
   2.7860477467297712E-002   5.7420530397629011E-005
   2.8529876805577930E-002   6.1674749456527646E-005
   2.9215359697150192E-002   6.6243782409986445E-005
   2.9917312579036133E-002   7.1150907005646351E-005
   3.0636131173119321E-002   7.6421121265664467E-005
   3.1372220709230854E-002   8.2081270574035103E-005
   3.2125996153595980E-002   8.8160184150460407E-005
   3.2897882442768603E-002   9.4688821603927713E-005
   3.3688314723186459E-002   1.0170043031035348E-004
   3.4497738596483078E-002   1.0923071441361829E-004
   3.5326610370692825E-002   1.1731801630831164E-004
   3.6175397317491517E-002   1.2600351152590352E-004
   3.7044577935619008E-002   1.3533141801412338E-004
   3.7934642220629082E-002   1.4534922087236041E-004
   3.8846091941122513E-002   1.5610791368444354E-004
   3.9779440921615852E-002   1.6766225767435525E-004
   4.0735215332206573E-002   1.8007106000096355E-004
   4.1713953985199448E-002   1.9339747260503298E-004
   4.2716208638857694E-002   2.0770931312604827E-004
   4.3742544308454541E-002   2.2307940951852415E-004
   4.4793539584796899E-002   2.3958597011768088E-004
   4.5869786960402108E-002   2.5731298103361409E-004
   4.6971893163513107E-002   2.7635063289181634E-004
   4.8100479500137530E-002   2.9679577908679403E-004
   4.9256182204304846E-002   3.1875242787553036E-004
   5.0439652796740626E-002   3.4233227080929869E-004
   5.1651558452157124E-002   3.6765525018666218E-004
   5.2892582375368605E-002   3.9485016840857520E-004
   5.4163424186445361E-002   4.2405534232914615E-004
   5.5464800315119023E-002   4.5541930592375219E-004
   5.6797444404667025E-002   4.8910156484153642E-004
   5.8162107725499165E-002   5.2527340667226534E-004
   5.9559559598681380E-002   5.6411877104020787E-004
   6.0990587829637455E-002   6.0583518394110203E-004
   6.2455999152268120E-002   6.5063476106375377E-004
   6.3956619683744137E-002   6.9874528518777603E-004
   6.5493295390224429E-002   7.5041136312402562E-004
   6.7066892563763927E-002   8.0589566806741838E-004
   6.8678298310682076E-002   8.6548027366438083E-004
   7.0328421051663273E-002   9.2946808656122252E-004
   7.2018191033872955E-002   9.9818438469820173E-004
   7.3748560855380590E-002   1.0719784691488653E-003
   7.5520506002180632E-002   1.1512254378778460E-003
   7.7335025398116264E-002   1.2363280904062811E-003
   7.9193141968018840E-002   1.3277189730347505E-003
   8.1095903214373627E-002   1.4258625749818275E-003
   8.3044381807845333E-002   1.5312576865571666E-003
   8.5039676191989044E-002   1.6444399313024264E-003
   8.7082911202490607E-002   1.7659844849076702E-003
   8.9175238701288365E-002   1.8965089946477037E-003
   9.1317838225926165E-002   2.0366767140858797E-003
   9.3511917654513027E-002   2.1871998688691783E-003
   9.5758713886656591E-002   2.3488432705886801E-003
   9.8059493540757062E-002   2.5224281969125784E-003
  0.10041555366805799        2.7088365575172859E-003
  0.10282822248385053        2.9090153667510861E-003
  0.10529886011624594        3.1239815454712923E-003
  0.10782885937294218        3.3548270761037950E-003
  0.11041964652641013        3.6027245366876243E-003
  0.11307268211794526        3.8689330414948164E-003
  0.11578946178104210        4.1548046177597477E-003
  0.11857151708454579        4.4617910501158192E-003
  0.12142041639606800        4.7914512265295646E-003
  0.12433776576614396        5.1454590218377484E-003
  0.12732520983363280        5.5256117574412371E-003
  0.13038443275287628        5.9338392782848715E-003
  0.13351715914312753        6.3722136909516889E-003
  0.13672515506079833        6.8429598095236218E-003
  0.14001022899506196        7.3484663587876971E-003
  0.14337423288737691        7.8912979873936220E-003
  0.14681906317551116        8.4742081466655239E-003
  0.15034666186264672        9.1001528939075992E-003
  0.15395901761217085        9.7723056821854160E-003
  0.15765816686877690        1.0494073201651353E-002
  0.16144619500649668        1.1269112340442696E-002
  0.16532523750431621        1.2101348335928521E-002
  0.16929748115004378        1.2994994189493818E-002
  0.17336516527309415        1.3954571419970550E-002
  0.17753058300690189        1.4984932232083036E-002
  0.18179608258166019        1.6091283176602484E-002
  0.18616406864812024        1.7279210378027113E-002
  0.19063700363320368        1.8554706403129301E-002
  0.19521740912817628        1.9924198839165713E-002
  0.19990786731018514        2.1394580643374198E-002
  0.20471102239794420        2.2973242314826718E-002
  0.20962958214239505        2.4668105924921396E-002
  0.21466631935319014        2.6487661022672929E-002
  0.21982407346184624        2.8441002404166901E-002
  0.22510575212245509        3.0537869700485009E-002
  0.23051433285086120        3.2788688693109157E-002
  0.23605286470321712        3.5204614207906236E-002
  0.24172446999486849        3.7797574365480230E-002
  0.24753234606054728        4.0580315873571693E-002
  0.25347976705684389        4.3566449932308682E-002
  0.25957008580800017        4.6770498180896188E-002
  0.26580673569604202        5.0207937939364483E-002
  0.27219323259632600        5.3895245785326874E-002
  0.27873317685960020        5.7849938246583153E-002
  0.28543025534167366        6.2090608078633244E-002
  0.29228824348186661        6.6636954224361944E-002
  0.29931100743139005        7.1509803114008952E-002
  0.30650250623286274        7.6731118450939564E-002
  0.31386679405220486        8.2323996038519046E-002
  0.32140802246414774        8.8312639535191556E-002
  0.32913044279265652        9.4722312284360080E-002
  0.33703840850759642       0.10157925956741695     
  0.34513637767897282       0.10891059479975519     
  0.35342891549013866       0.11674414237600610     
  0.36192069681139905       0.12510822914035660     
  0.37061650883543212       0.13403141590803772     
  0.37952125377605028       0.14354216022731039     
  0.38863995163179121       0.15366840181807742     
  0.39797774301590894       0.16443706306334682     
  0.40753989205437419       0.17587345880462127     
  0.41733178935348425       0.18800061275863461     
  0.42735895503879567       0.20083848237182908     
  0.43762704186705931       0.21440310003679011     
  0.44814183841292438       0.22870564635734222     
  0.45890927233222339       0.24375148039919414     
  0.46993541370364916       0.25953916213737172     
  0.48122647845072175       0.27605951278234686     
  0.49278883184598932       0.29329476811928068     
  0.50462899209940881       0.31121788688585328     
  0.51675363403294383       0.32979207883631756     
  0.52916959284346965       0.34897061390013806     
  0.54188386795606103       0.36869696363316579     
  0.55490362696989115       0.38890530873514512     
  0.56823620969891808       0.40952142268558400     
  0.58188913230965722       0.43046391369178183     
  0.59587009155839032       0.45164577834556602     
  0.61018696913015102       0.47297619438162608     
  0.62484783608199401       0.49436246028593789     
  0.63986095739300086       0.51571197889042697     
  0.65523479662360695       0.53693418174831664     
  0.67097802068689838       0.55794230060593253     
  0.68709950473452786       0.57865490979092327     
  0.70360833716002258       0.59899718595264839     
  0.72051382472232806       0.61890185608890480     
  0.73782549779243267       0.63830982819641158     
  0.75555311572605155       0.65717051890682765     
  0.77370667236542501       0.67544190773837842     
  0.79229640167326809       0.69309035762924476     
  0.81133278350212723       0.71009024648401009     
  0.83082654950232815       0.72642345531496000     
  0.85078868917187322       0.74207875620181574     
  0.87123045605172800       0.75705113877474128     
  0.89216337406991575       0.77134110819538659     
  0.91359924403808701       0.78495398144129336     
  0.93555015030414967       0.79789920265771641     
  0.95802846756474058       0.81018969280275599     
  0.98104686784140871       0.82184124398714198     
   1.0046183276243847       0.83287196488443704     
   1.0287561351879919       0.84330178035787373     
   1.0534738980818539       0.85315198595741404     
   1.0787855508020638       0.86244485609538901     
   1.1047053626466632       0.87120330340962393     
   1.1312479457599027       0.87945058596761005     
   1.1584282633697238       0.88721005845997236     
   1.1862616382232201       0.89450496329381579     
   1.2147637612247342       0.90135825745647447     
   1.2439507002815031       0.90779247112099193     
   1.2738389093618774       0.91382959416072118     
   1.3044452377711160       0.91949098699669496     
   1.3357869396501159       0.92479731249125152     
   1.3678816837023209       0.92976848590517069     
   1.4007475631543373       0.93442364023934998     
   1.4344031059559139       0.93878110457619490     
   1.4688672852249534       0.94285839331406185     
   1.5041595299434809       0.94667220444664824     
   1.5402997359106532       0.95023842527609903     
   1.5773082769588835       0.95357214416324232     
   1.6152060164394566       0.95668766711107367     
   1.6540143189841607       0.95959853814927654     
   1.6937550625494298       0.96231756263942747     
   1.7344506507499560       0.96485683275418954     
   1.7761240254885811       0.96722775450071130     
   1.8187986798896418       0.96944107576035099     
   1.8624986715431284       0.97150691490519536     
   1.9072486360669596       0.97343478962817886     
   1.9530738009952155       0.97523364568932558     
   1.9999999999999967       0.97691188533692641     
